0,0
0.002,1.2
0.004,2.4
0.006,3.6
0.008,4.8
0.01,6.0
0.012,7.2
0.014,8.4
0.016,9.6
0.018,10.8
0.02,12.0
0.022,13.2
0.024,14.4
0.026,15.6
0.028,16.8
0.03,18.0
0.032,19.2
0.034,20.4
0.036,21.6
0.038,22.8
0.04,24.0
0.042,25.2
0.044,26.4
0.046,27.6
0.048,28.8
0.05,30.0
0.052,31.2
0.054,32.4
0.056,33.6
0.058,34.8
0.06,36.0
0.062,37.2
0.064,38.4
0.066,39.6
0.068,40.8
0.07,42.0
0.072,43.2
0.074,44.4
0.076,45.6
0.078,46.8
0.08,48.0
0.082,49.2
0.084,50.4
0.086,51.6
0.088,52.8
0.09,54.0
0.092,55.2
0.094,56.4
0.096,57.6
0.098,58.8
0.1,60.0
0.102,61.2
0.104,62.4
0.106,63.6
0.108,64.8
0.11,66.0
0.112,67.2
0.114,68.4
0.116,69.6
0.118,70.8
0.12,72.0
0.122,73.2
0.124,74.4
0.126,75.6
0.128,76.8
0.13,78.0
0.132,79.2
0.134,80.4
0.136,81.6
0.138,82.8
0.14,84.0
0.142,85.2
0.144,86.4
0.146,87.6
0.148,88.8
0.15,90.0
0.152,91.2
0.154,92.4
0.156,93.6
0.158,94.8
0.16,96.0
0.162,97.2
0.164,98.4
0.166,99.6
0.168,100.8
0.17,102.0
0.172,103.2
0.174,104.4
0.176,105.6
0.178,106.8
0.18,108.0
0.182,109.2
0.184,110.4
0.186,111.6
0.188,112.8
0.19,114.0
0.192,115.2
0.194,116.4
0.196,117.6
0.198,118.8
0.2,120.0
0.202,121.2
0.204,122.4
0.206,123.6
0.208,124.8
0.21,126.0
0.212,127.2
0.214,128.4
0.216,129.6
0.218,130.8
0.22,132.0
0.222,133.2
0.224,134.4
0.226,135.6
0.228,136.8
0.23,138.0
0.232,139.2
0.234,140.4
0.236,141.6
0.238,142.8
0.24,144.0
0.242,145.2
0.244,146.4
0.246,147.6
0.248,148.8
0.25,150.0
0.252,151.2
0.254,152.4
0.256,153.6
0.258,154.8
0.26,156.0
0.262,157.2
0.264,158.4
0.266,159.6
0.268,160.8
0.27,162.0
0.272,163.2
0.274,164.4
0.276,165.6
0.278,166.8
0.28,168.0
0.282,169.2
0.284,170.4
0.286,171.6
0.288,172.8
0.29,174.0
0.292,175.2
0.294,176.4
0.296,177.6
0.298,178.8
0.3,180.0
0.302,181.2
0.304,182.4
0.306,183.6
0.308,184.8
0.31,186.0
0.312,187.2
0.314,188.4
0.316,189.6
0.318,190.8
0.32,192.0
0.322,193.2
0.324,194.4
0.326,195.6
0.328,196.8
0.33,198.0
0.332,199.2
0.334,200.4
0.336,201.6
0.338,202.8
0.34,204.0
0.342,205.2
0.344,206.4
0.346,207.6
0.348,208.8
0.35,210.0
0.352,211.2
0.354,212.4
0.356,213.6
0.358,214.8
0.36,216.0
0.362,217.2
0.364,218.4
0.366,219.6
0.368,220.8
0.37,222.0
0.372,223.2
0.374,224.4
0.376,225.6
0.378,226.8
0.38,228.0
0.382,229.2
0.384,230.4
0.386,231.6
0.388,232.8
0.39,234.0
0.392,235.2
0.394,236.4
0.396,237.6
0.398,238.8
0.4,240.0
0.402,241.2
0.404,242.4
0.406,243.6
0.408,244.8
0.41,246.0
0.412,247.2
0.414,248.4
0.416,249.6
0.418,250.8
0.42,252.0
0.422,253.2
0.424,254.4
0.426,255.6
0.428,256.8
0.43,258.0
0.432,259.2
0.434,260.4
0.436,261.6
0.438,262.8
0.44,264.0
0.442,265.2
0.444,266.4
0.446,267.6
0.448,268.8
0.45,270.0
0.452,271.2
0.454,272.4
0.456,273.6
0.458,274.8
0.46,276.0
0.462,277.2
0.464,278.4
0.466,279.6
0.468,280.8
0.47,282.0
0.472,283.2
0.474,284.4
0.476,285.6
0.478,286.8
0.48,288.0
0.482,289.2
0.484,290.4
0.486,291.6
0.488,292.8
0.49,294.0
0.492,295.2
0.494,296.4
0.496,297.6
0.498,298.8
0.5,300.0
0.502,301.2
0.504,302.4
0.506,303.6
0.508,304.8
0.51,306.0
0.512,307.2
0.514,308.4
0.516,309.6
0.518,310.8
0.52,312.0
0.522,313.2
0.524,314.4
0.526,315.6
0.528,316.8
0.53,318.0
0.532,319.2
0.534,320.4
0.536,321.6
0.538,322.8
0.54,324.0
0.542,325.2
0.544,326.4
0.546,327.6
0.548,328.8
0.55,330.0
0.552,331.2
0.554,332.4
0.556,333.6
0.558,334.8
0.56,336.0
0.562,337.2
0.564,338.4
0.566,339.6
0.568,340.8
0.57,342.0
0.572,343.2
0.574,344.4
0.576,345.6
0.578,346.8
0.58,348.0
0.582,349.2
0.584,350.4
0.586,351.6
0.588,352.8
0.59,354.0
0.592,355.2
0.594,356.4
0.596,357.6
0.598,358.8
0.6,360.0
0.602,361.2
0.604,362.4
0.606,363.6
0.608,364.8
0.61,366.0
0.612,367.2
0.614,368.4
0.616,369.6
0.618,370.8
0.62,372.0
0.622,373.2
0.624,374.4
0.626,375.6
0.628,376.8
0.63,378.0
0.632,379.2
0.634,380.4
0.636,381.6
0.638,382.8
0.64,384.0
0.642,385.2
0.644,386.4
0.646,387.6
0.648,388.8
0.65,390.0
0.652,391.2
0.654,392.4
0.656,393.6
0.658,394.8
0.66,396.0
0.662,397.2
0.664,398.4
0.666,399.6
0.668,400.8
0.67,402.0
0.672,403.2
0.674,404.4
0.676,405.6
0.678,406.8
0.68,408.0
0.682,409.2
0.684,410.4
0.686,411.6
0.688,412.8
0.69,414.0
0.692,415.2
0.694,416.4
0.696,417.6
0.698,418.8
0.7,420.0
0.702,421.2
0.704,422.4
0.706,423.6
0.708,424.8
0.71,426.0
0.712,427.2
0.714,428.4
0.716,429.6
0.718,430.8
0.72,432.0
0.722,433.2
0.724,434.4
0.726,435.6
0.728,436.8
0.73,438.0
0.732,439.2
0.734,440.4
0.736,441.6
0.738,442.8
0.74,444.0
0.742,445.2
0.744,446.4
0.746,447.6
0.748,448.8
0.75,450.0
0.752,451.2
0.754,452.4
0.756,453.6
0.758,454.8
0.76,456.0
0.762,457.2
0.764,458.4
0.766,459.6
0.768,460.8
0.77,462.0
0.772,463.2
0.774,464.4
0.776,465.6
0.778,466.8
0.78,468.0
0.782,469.2
0.784,470.4
0.786,471.6
0.788,472.8
0.79,474.0
0.792,475.2
0.794,476.4
0.796,477.6
0.798,478.8
0.8,480.0
0.802,481.2
0.804,482.4
0.806,483.6
0.808,484.8
0.81,486.0
0.812,487.2
0.814,488.4
0.816,489.6
0.818,490.8
0.82,492.0
0.822,493.2
0.824,494.4
0.826,495.6
0.828,496.8
0.83,498.0
0.832,499.2
0.834,500.4
0.836,501.6
0.838,502.8
0.84,504.0
0.842,505.2
0.844,506.4
0.846,507.6
0.848,508.8
0.85,510.0
0.852,511.2
0.854,512.4
0.856,513.6
0.858,514.8
0.86,516.0
0.862,517.2
0.864,518.4
0.866,519.6
0.868,520.8
0.87,522.0
0.872,523.2
0.874,524.4
0.876,525.6
0.878,526.8
0.88,528.0
0.882,529.2
0.884,530.4
0.886,531.6
0.888,532.8
0.89,534.0
0.892,535.2
0.894,536.4
0.896,537.6
0.898,538.8
0.9,540.0
0.902,541.2
0.904,542.4
0.906,543.6
0.908,544.8
0.91,546.0
0.912,547.2
0.914,548.4
0.916,549.6
0.918,550.8
0.92,552.0
0.922,553.2
0.924,554.4
0.926,555.6
0.928,556.8
0.93,558.0
0.932,559.2
0.934,560.4
0.936,561.6
0.938,562.8
0.94,564.0
0.942,565.2
0.944,566.4
0.946,567.6
0.948,568.8
0.95,570.0
0.952,571.2
0.954,572.4
0.956,573.6
0.958,574.8
0.96,576.0
0.962,577.2
0.964,578.4
0.966,579.6
0.968,580.8
0.97,582.0
0.972,583.2
0.974,584.4
0.976,585.6
0.978,586.8
0.98,588.0
0.982,589.2
0.984,590.4
0.986,591.6
0.988,592.8
0.99,594.0
0.992,595.2
0.994,596.4
0.996,597.6
0.998,598.8
1.0,600.0
1.002,601.2
1.004,602.4
1.006,603.6
1.008,604.8
1.01,606.0
1.012,607.2
1.014,608.4
1.016,609.6
1.018,610.8
1.02,612.0
1.022,613.2
1.024,614.4
1.026,615.6
1.028,616.8
1.03,618.0
1.032,619.2
1.034,620.4
1.036,621.6
1.038,622.8
1.04,624.0
1.042,625.2
1.044,626.4
1.046,627.6
1.048,628.8
1.05,630.0
1.052,631.2
1.054,632.4
1.056,633.6
1.058,634.8
1.06,636.0
1.062,637.2
1.064,638.4
1.066,639.6
1.068,640.8
1.07,642.0
1.072,643.2
1.074,644.4
1.076,645.6
1.078,646.8
1.08,648.0
1.082,649.2
1.084,650.4
1.086,651.6
1.088,652.8
1.09,654.0
1.092,655.2
1.094,656.4
1.096,657.6
1.098,658.8
1.1,660.0
1.102,661.2
1.104,662.4
1.106,663.6
1.108,664.8
1.11,666.0
1.112,667.2
1.114,668.4
1.116,669.6
1.118,670.8
1.12,672.0
1.122,673.2
1.124,674.4
1.126,675.6
1.128,676.8
1.13,678.0
1.132,679.2
1.134,680.4
1.136,681.6
1.138,682.8
1.14,684.0
1.142,685.2
1.144,686.4
1.146,687.6
1.148,688.8
1.15,690.0
1.152,691.2
1.154,692.4
1.156,693.6
1.158,694.8
1.16,696.0
1.162,697.2
1.164,698.4
1.166,699.6
1.168,700.8
1.17,702.0
1.172,703.2
1.174,704.4
1.176,705.6
1.178,706.8
1.18,708.0
1.182,709.2
1.184,710.4
1.186,711.6
1.188,712.8
1.19,714.0
1.192,715.2
1.194,716.4
1.196,717.6
1.198,718.8
1.2,720.0
1.202,721.2
1.204,722.4
1.206,723.6
1.208,724.8
1.21,726.0
1.212,727.2
1.214,728.4
1.216,729.6
1.218,730.8
1.22,732.0
1.222,733.2
1.224,734.4
1.226,735.6
1.228,736.8
1.23,738.0
1.232,739.2
1.234,740.4
1.236,741.6
1.238,742.8
1.24,744.0
1.242,745.2
1.244,746.4
1.246,747.6
1.248,748.8
1.25,750.0
1.252,751.2
1.254,752.4
1.256,753.6
1.258,754.8
1.26,756.0
1.262,757.2
1.264,758.4
1.266,759.6
1.268,760.8
1.27,762.0
1.272,763.2
1.274,764.4
1.276,765.6
1.278,766.8
1.28,768.0
1.282,769.2
1.284,770.4
1.286,771.6
1.288,772.8
1.29,774.0
1.292,775.2
1.294,776.4
1.296,777.6
1.298,778.8
1.3,780.0
1.302,781.2
1.304,782.4
1.306,783.6
1.308,784.8
1.31,786.0
1.312,787.2
1.314,788.4
1.316,789.6
1.318,790.8
1.32,792.0
1.322,793.2
1.324,794.4
1.326,795.6
1.328,796.8
1.33,798.0
1.332,799.2
1.334,800.4
1.336,801.6
1.338,802.8
1.34,804.0
1.342,805.2
1.344,806.4
1.346,807.6
1.348,808.8
1.35,810.0
1.352,811.2
1.354,812.4
1.356,813.6
1.358,814.8
1.36,816.0
1.362,817.2
1.364,818.4
1.366,819.6
1.368,820.8
1.37,822.0
1.372,823.2
1.374,824.4
1.376,825.6
1.378,826.8
1.38,828.0
1.382,829.2
1.384,830.4
1.386,831.6
1.388,832.8
1.39,834.0
1.392,835.2
1.394,836.4
1.396,837.6
1.398,838.8
1.4,840.0
1.402,841.2
1.404,842.4
1.406,843.6
1.408,844.8
1.41,846.0
1.412,847.2
1.414,848.4
1.416,849.6
1.418,850.8
1.42,852.0
1.422,853.2
1.424,854.4
1.426,855.6
1.428,856.8
1.43,858.0
1.432,859.2
1.434,860.4
1.436,861.6
1.438,862.8
1.44,864.0
1.442,865.2
1.444,866.4
1.446,867.6
1.448,868.8
1.45,870.0
1.452,871.2
1.454,872.4
1.456,873.6
1.458,874.8
1.46,876.0
1.462,877.2
1.464,878.4
1.466,879.6
1.468,880.8
1.47,882.0
1.472,883.2
1.474,884.4
1.476,885.6
1.478,886.8
1.48,888.0
1.482,889.2
1.484,890.4
1.486,891.6
1.488,892.8
1.49,894.0
1.492,895.2
1.494,896.4
1.496,897.6
1.498,898.8
1.5,900.0
1.502,901.2
1.504,902.4
1.506,903.6
1.508,904.8
1.51,906.0
1.512,907.2
1.514,908.4
1.516,909.6
1.518,910.8
1.52,912.0
1.522,913.2
1.524,914.4
1.526,915.6
1.528,916.8
1.53,918.0
1.532,919.2
1.534,920.4
1.536,921.6
1.538,922.8
1.54,924.0
1.542,925.2
1.544,926.4
1.546,927.6
1.548,928.8
1.55,930.0
1.552,931.2
1.554,932.4
1.556,933.6
1.558,934.8
1.56,936.0
1.562,937.2
1.564,938.4
1.566,939.6
1.568,940.8
1.57,942.0
1.572,943.2
1.574,944.4
1.576,945.6
1.578,946.8
1.58,948.0
1.582,949.2
1.584,950.4
1.586,951.6
1.588,952.8
1.59,954.0
1.592,955.2
1.594,956.4
1.596,957.6
1.598,958.8
1.6,960.0
1.602,961.2
1.604,962.4
1.606,963.6
1.608,964.8
1.61,966.0
1.612,967.2
1.614,968.4
1.616,969.6
1.618,970.8
1.62,972.0
1.622,973.2
1.624,974.4
1.626,975.6
1.628,976.8
1.63,978.0
1.632,979.2
1.634,980.4
1.636,981.6
1.638,982.8
1.64,984.0
1.642,985.2
1.644,986.4
1.646,987.6
1.648,988.8
1.65,990.0
1.652,991.2
1.654,992.4
1.656,993.6
1.658,994.8
1.66,996.0
1.662,997.2
1.664,998.4
1.666,999.6
1.668,1000.8
1.67,1002.0
1.672,1003.2
1.674,1004.4
1.676,1005.6
1.678,1006.8
1.68,1008.0
1.682,1009.2
1.684,1010.4
1.686,1011.6
1.688,1012.8
1.69,1014.0
1.692,1015.2
1.694,1016.4
1.696,1017.6
1.698,1018.8
1.7,1020.0
1.702,1021.2
1.704,1022.4
1.706,1023.6
1.708,1024.8
1.71,1026.0
1.712,1027.2
1.714,1028.4
1.716,1029.6
1.718,1030.8
1.72,1032.0
1.722,1033.2
1.724,1034.4
1.726,1035.6
1.728,1036.8
1.73,1038.0
1.732,1039.2
1.734,1040.4
1.736,1041.6
1.738,1042.8
1.74,1044.0
1.742,1045.2
1.744,1046.4
1.746,1047.6
1.748,1048.8
1.75,1050.0
1.752,1051.2
1.754,1052.4
1.756,1053.6
1.758,1054.8
1.76,1056.0
1.762,1057.2
1.764,1058.4
1.766,1059.6
1.768,1060.8
1.77,1062.0
1.772,1063.2
1.774,1064.4
1.776,1065.6
1.778,1066.8
1.78,1068.0
1.782,1069.2
1.784,1070.4
1.786,1071.6
1.788,1072.8
1.79,1074.0
1.792,1075.2
1.794,1076.4
1.796,1077.6
1.798,1078.8
1.8,1080.0
1.802,1081.2
1.804,1082.4
1.806,1083.6
1.808,1084.8
1.81,1086.0
1.812,1087.2
1.814,1088.4
1.816,1089.6
1.818,1090.8
1.82,1092.0
1.822,1093.2
1.824,1094.4
1.826,1095.6
1.828,1096.8
1.83,1098.0
1.832,1099.2
1.834,1100.4
1.836,1101.6
1.838,1102.8
1.84,1104.0
1.842,1105.2
1.844,1106.4
1.846,1107.6
1.848,1108.8
1.85,1110.0
1.852,1111.2
1.854,1112.4
1.856,1113.6
1.858,1114.8
1.86,1116.0
1.862,1117.2
1.864,1118.4
1.866,1119.6
1.868,1120.8
1.87,1122.0
1.872,1123.2
1.874,1124.4
1.876,1125.6
1.878,1126.8
1.88,1128.0
1.882,1129.2
1.884,1130.4
1.886,1131.6
1.888,1132.8
1.89,1134.0
1.892,1135.2
1.894,1136.4
1.896,1137.6
1.898,1138.8
1.9,1140.0
1.902,1141.2
1.904,1142.4
1.906,1143.6
1.908,1144.8
1.91,1146.0
1.912,1147.2
1.914,1148.4
1.916,1149.6
1.918,1150.8
1.92,1152.0
1.922,1153.2
1.924,1154.4
1.926,1155.6
1.928,1156.8
1.93,1158.0
1.932,1159.2
1.934,1160.4
1.936,1161.6
1.938,1162.8
1.94,1164.0
1.942,1165.2
1.944,1166.4
1.946,1167.6
1.948,1168.8
1.95,1170.0
1.952,1171.2
1.954,1172.4
1.956,1173.6
1.958,1174.8
1.96,1176.0
1.962,1177.2
1.964,1178.4
1.966,1179.6
1.968,1180.8
1.97,1182.0
1.972,1183.2
1.974,1184.4
1.976,1185.6
1.978,1186.8
1.98,1188.0
1.982,1189.2
1.984,1190.4
1.986,1191.6
1.988,1192.8
1.99,1194.0
1.992,1195.2
1.994,1196.4
1.996,1197.6
1.998,1198.8
2.0,1200.0
2.002,1201.2
2.004,1202.4
2.006,1203.6
2.008,1204.8
2.01,1206.0
2.012,1207.2
2.014,1208.4
2.016,1209.6
2.018,1210.8
2.02,1212.0
2.022,1213.2
2.024,1214.4
2.026,1215.6
2.028,1216.8
2.03,1218.0
2.032,1219.2
2.034,1220.4
2.036,1221.6
2.038,1222.8
2.04,1224.0
2.042,1225.2
2.044,1226.4
2.046,1227.6
2.048,1228.8
2.05,1230.0
2.052,1231.2
2.054,1232.4
2.056,1233.6
2.058,1234.8
2.06,1236.0
2.062,1237.2
2.064,1238.4
2.066,1239.6
2.068,1240.8
2.07,1242.0
2.072,1243.2
2.074,1244.4
2.076,1245.6
2.078,1246.8
2.08,1248.0
2.082,1249.2
2.084,1250.4
2.086,1251.6
2.088,1252.8
2.09,1254.0
2.092,1255.2
2.094,1256.4
2.096,1257.6
2.098,1258.8
2.1,1260.0
2.102,1261.2
2.104,1262.4
2.106,1263.6
2.108,1264.8
2.11,1266.0
2.112,1267.2
2.114,1268.4
2.116,1269.6
2.118,1270.8
2.12,1272.0
2.122,1273.2
2.124,1274.4
2.126,1275.6
2.128,1276.8
2.13,1278.0
2.132,1279.2
2.134,1280.4
2.136,1281.6
2.138,1282.8
2.14,1284.0
2.142,1285.2
2.144,1286.4
2.146,1287.6
2.148,1288.8
2.15,1290.0
2.152,1291.2
2.154,1292.4
2.156,1293.6
2.158,1294.8
2.16,1296.0
2.162,1297.2
2.164,1298.4
2.166,1299.6
2.168,1300.8
2.17,1302.0
2.172,1303.2
2.174,1304.4
2.176,1305.6
2.178,1306.8
2.18,1308.0
2.182,1309.2
2.184,1310.4
2.186,1311.6
2.188,1312.8
2.19,1314.0
2.192,1315.2
2.194,1316.4
2.196,1317.6
2.198,1318.8
2.2,1320.0
2.202,1321.2
2.204,1322.4
2.206,1323.6
2.208,1324.8
2.21,1326.0
2.212,1327.2
2.214,1328.4
2.216,1329.6
2.218,1330.8
2.22,1332.0
2.222,1333.2
2.224,1334.4
2.226,1335.6
2.228,1336.8
2.23,1338.0
2.232,1339.2
2.234,1340.4
2.236,1341.6
2.238,1342.8
2.24,1344.0
2.242,1345.2
2.244,1346.4
2.246,1347.6
2.248,1348.8
2.25,1350.0
2.252,1351.2
2.254,1352.4
2.256,1353.6
2.258,1354.8
2.26,1356.0
2.262,1357.2
2.264,1358.4
2.266,1359.6
2.268,1360.8
2.27,1362.0
2.272,1363.2
2.274,1364.4
2.276,1365.6
2.278,1366.8
2.28,1368.0
2.282,1369.2
2.284,1370.4
2.286,1371.6
2.288,1372.8
2.29,1374.0
2.292,1375.2
2.294,1376.4
2.296,1377.6
2.298,1378.8
2.3,1380.0
2.302,1381.2
2.304,1382.4
2.306,1383.6
2.308,1384.8
2.31,1386.0
2.312,1387.2
2.314,1388.4
2.316,1389.6
2.318,1390.8
2.32,1392.0
2.322,1393.2
2.324,1394.4
2.326,1395.6
2.328,1396.8
2.33,1398.0
2.332,1399.2
2.334,1400.4
2.336,1401.6
2.338,1402.8
2.34,1404.0
2.342,1405.2
2.344,1406.4
2.346,1407.6
2.348,1408.8
2.35,1410.0
2.352,1411.2
2.354,1412.4
2.356,1413.6
2.358,1414.8
2.36,1416.0
2.362,1417.2
2.364,1418.4
2.366,1419.6
2.368,1420.8
2.37,1422.0
2.372,1423.2
2.374,1424.4
2.376,1425.6
2.378,1426.8
2.38,1428.0
2.382,1429.2
2.384,1430.4
2.386,1431.6
2.388,1432.8
2.39,1434.0
2.392,1435.2
2.394,1436.4
2.396,1437.6
2.398,1438.8
2.4,1440.0
2.402,1441.2
2.404,1442.4
2.406,1443.6
2.408,1444.8
2.41,1446.0
2.412,1447.2
2.414,1448.4
2.416,1449.6
2.418,1450.8
2.42,1452.0
2.422,1453.2
2.424,1454.4
2.426,1455.6
2.428,1456.8
2.43,1458.0
2.432,1459.2
2.434,1460.4
2.436,1461.6
2.438,1462.8
2.44,1464.0
2.442,1465.2
2.444,1466.4
2.446,1467.6
2.448,1468.8
2.45,1470.0
2.452,1471.2
2.454,1472.4
2.456,1473.6
2.458,1474.8
2.46,1476.0
2.462,1477.2
2.464,1478.4
2.466,1479.6
2.468,1480.8
2.47,1482.0
2.472,1483.2
2.474,1484.4
2.476,1485.6
2.478,1486.8
2.48,1488.0
2.482,1489.2
2.484,1490.4
2.486,1491.6
2.488,1492.8
2.49,1494.0
2.492,1495.2
2.494,1496.4
2.496,1497.6
2.498,1498.8
2.5,1500.0
2.502,1501.2
2.504,1502.4
2.506,1503.6
2.508,1504.8
2.51,1506.0
2.512,1507.2
2.514,1508.4
2.516,1509.6
2.518,1510.8
2.52,1512.0
2.522,1513.2
2.524,1514.4
2.526,1515.6
2.528,1516.8
2.53,1518.0
2.532,1519.2
2.534,1520.4
2.536,1521.6
2.538,1522.8
2.54,1524.0
2.542,1525.2
2.544,1526.4
2.546,1527.6
2.548,1528.8
2.55,1530.0
2.552,1531.2
2.554,1532.4
2.556,1533.6
2.558,1534.8
2.56,1536.0
2.562,1537.2
2.564,1538.4
2.566,1539.6
2.568,1540.8
2.57,1542.0
2.572,1543.2
2.574,1544.4
2.576,1545.6
2.578,1546.8
2.58,1548.0
2.582,1549.2
2.584,1550.4
2.586,1551.6
2.588,1552.8
2.59,1554.0
2.592,1555.2
2.594,1556.4
2.596,1557.6
2.598,1558.8
2.6,1560.0
2.602,1561.2
2.604,1562.4
2.606,1563.6
2.608,1564.8
2.61,1566.0
2.612,1567.2
2.614,1568.4
2.616,1569.6
2.618,1570.8
2.62,1572.0
2.622,1573.2
2.624,1574.4
2.626,1575.6
2.628,1576.8
2.63,1578.0
2.632,1579.2
2.634,1580.4
2.636,1581.6
2.638,1582.8
2.64,1584.0
2.642,1585.2
2.644,1586.4
2.646,1587.6
2.648,1588.8
2.65,1590.0
2.652,1591.2
2.654,1592.4
2.656,1593.6
2.658,1594.8
2.66,1596.0
2.662,1597.2
2.664,1598.4
2.666,1599.6
2.668,1600.8
2.67,1602.0
2.672,1603.2
2.674,1604.4
2.676,1605.6
2.678,1606.8
2.68,1608.0
2.682,1609.2
2.684,1610.4
2.686,1611.6
2.688,1612.8
2.69,1614.0
2.692,1615.2
2.694,1616.4
2.696,1617.6
2.698,1618.8
2.7,1620.0
2.702,1621.2
2.704,1622.4
2.706,1623.6
2.708,1624.8
2.71,1626.0
2.712,1627.2
2.714,1628.4
2.716,1629.6
2.718,1630.8
2.72,1632.0
2.722,1633.2
2.724,1634.4
2.726,1635.6
2.728,1636.8
2.73,1638.0
2.732,1639.2
2.734,1640.4
2.736,1641.6
2.738,1642.8
2.74,1644.0
2.742,1645.2
2.744,1646.4
2.746,1647.6
2.748,1648.8
2.75,1650.0
2.752,1651.2
2.754,1652.4
2.756,1653.6
2.758,1654.8
2.76,1656.0
2.762,1657.2
2.764,1658.4
2.766,1659.6
2.768,1660.8
2.77,1662.0
2.772,1663.2
2.774,1664.4
2.776,1665.6
2.778,1666.8
2.78,1668.0
2.782,1669.2
2.784,1670.4
2.786,1671.6
2.788,1672.8
2.79,1674.0
2.792,1675.2
2.794,1676.4
2.796,1677.6
2.798,1678.8
2.8,1680.0
2.802,1681.2
2.804,1682.4
2.806,1683.6
2.808,1684.8
2.81,1686.0
2.812,1687.2
2.814,1688.4
2.816,1689.6
2.818,1690.8
2.82,1692.0
2.822,1693.2
2.824,1694.4
2.826,1695.6
2.828,1696.8
2.83,1698.0
2.832,1699.2
2.834,1700.4
2.836,1701.6
2.838,1702.8
2.84,1704.0
2.842,1705.2
2.844,1706.4
2.846,1707.6
2.848,1708.8
2.85,1710.0
2.852,1711.2
2.854,1712.4
2.856,1713.6
2.858,1714.8
2.86,1716.0
2.862,1717.2
2.864,1718.4
2.866,1719.6
2.868,1720.8
2.87,1722.0
2.872,1723.2
2.874,1724.4
2.876,1725.6
2.878,1726.8
2.88,1728.0
2.882,1729.2
2.884,1730.4
2.886,1731.6
2.888,1732.8
2.89,1734.0
2.892,1735.2
2.894,1736.4
2.896,1737.6
2.898,1738.8
2.9,1740.0
2.902,1741.2
2.904,1742.4
2.906,1743.6
2.908,1744.8
2.91,1746.0
2.912,1747.2
2.914,1748.4
2.916,1749.6
2.918,1750.8
2.92,1752.0
2.922,1753.2
2.924,1754.4
2.926,1755.6
2.928,1756.8
2.93,1758.0
2.932,1759.2
2.934,1760.4
2.936,1761.6
2.938,1762.8
2.94,1764.0
2.942,1765.2
2.944,1766.4
2.946,1767.6
2.948,1768.8
2.95,1770.0
2.952,1771.2
2.954,1772.4
2.956,1773.6
2.958,1774.8
2.96,1776.0
2.962,1777.2
2.964,1778.4
2.966,1779.6
2.968,1780.8
2.97,1782.0
2.972,1783.2
2.974,1784.4
2.976,1785.6
2.978,1786.8
2.98,1788.0
2.982,1789.2
2.984,1790.4
2.986,1791.6
2.988,1792.8
2.99,1794.0
2.992,1795.2
2.994,1796.4
2.996,1797.6
2.998,1798.8
3.0,1800.0
3.002,1801.2
3.004,1802.4
3.006,1803.6
3.008,1804.8
3.01,1806.0
3.012,1807.2
3.014,1808.4
3.016,1809.6
3.018,1810.8
3.02,1812.0
3.022,1813.2
3.024,1814.4
3.026,1815.6
3.028,1816.8
3.03,1818.0
3.032,1819.2
3.034,1820.4
3.036,1821.6
3.038,1822.8
3.04,1824.0
3.042,1825.2
3.044,1826.4
3.046,1827.6
3.048,1828.8
3.05,1830.0
3.052,1831.2
3.054,1832.4
3.056,1833.6
3.058,1834.8
3.06,1836.0
3.062,1837.2
3.064,1838.4
3.066,1839.6
3.068,1840.8
3.07,1842.0
3.072,1843.2
3.074,1844.4
3.076,1845.6
3.078,1846.8
3.08,1848.0
3.082,1849.2
3.084,1850.4
3.086,1851.6
3.088,1852.8
3.09,1854.0
3.092,1855.2
3.094,1856.4
3.096,1857.6
3.098,1858.8
3.1,1860.0
3.102,1861.2
3.104,1862.4
3.106,1863.6
3.108,1864.8
3.11,1866.0
3.112,1867.2
3.114,1868.4
3.116,1869.6
3.118,1870.8
3.12,1872.0
3.122,1873.2
3.124,1874.4
3.126,1875.6
3.128,1876.8
3.13,1878.0
3.132,1879.2
3.134,1880.4
3.136,1881.6
3.138,1882.8
3.14,1884.0
3.142,1885.2
3.144,1886.4
3.146,1887.6
3.148,1888.8
3.15,1890.0
3.152,1891.2
3.154,1892.4
3.156,1893.6
3.158,1894.8
3.16,1896.0
3.162,1897.2
3.164,1898.4
3.166,1899.6
3.168,1900.8
3.17,1902.0
3.172,1903.2
3.174,1904.4
3.176,1905.6
3.178,1906.8
3.18,1908.0
3.182,1909.2
3.184,1910.4
3.186,1911.6
3.188,1912.8
3.19,1914.0
3.192,1915.2
3.194,1916.4
3.196,1917.6
3.198,1918.8
3.2,1920.0
3.202,1921.2
3.204,1922.4
3.206,1923.6
3.208,1924.8
3.21,1926.0
3.212,1927.2
3.214,1928.4
3.216,1929.6
3.218,1930.8
3.22,1932.0
3.222,1933.2
3.224,1934.4
3.226,1935.6
3.228,1936.8
3.23,1938.0
3.232,1939.2
3.234,1940.4
3.236,1941.6
3.238,1942.8
3.24,1944.0
3.242,1945.2
3.244,1946.4
3.246,1947.6
3.248,1948.8
3.25,1950.0
3.252,1951.2
3.254,1952.4
3.256,1953.6
3.258,1954.8
3.26,1956.0
3.262,1957.2
3.264,1958.4
3.266,1959.6
3.268,1960.8
3.27,1962.0
3.272,1963.2
3.274,1964.4
3.276,1965.6
3.278,1966.8
3.28,1968.0
3.282,1969.2
3.284,1970.4
3.286,1971.6
3.288,1972.8
3.29,1974.0
3.292,1975.2
3.294,1976.4
3.296,1977.6
3.298,1978.8
3.3,1980.0
3.302,1981.2
3.304,1982.4
3.306,1983.6
3.308,1984.8
3.31,1986.0
3.312,1987.2
3.314,1988.4
3.316,1989.6
3.318,1990.8
3.32,1992.0
3.322,1993.2
3.324,1994.4
3.326,1995.6
3.328,1996.8
3.33,1998.0
3.332,1999.2
3.334,2000.4
3.336,2001.6
3.338,2002.8
3.34,2004.0
3.342,2005.2
3.344,2006.4
3.346,2007.6
3.348,2008.8
3.35,2010.0
3.352,2011.2
3.354,2012.4
3.356,2013.6
3.358,2014.8
3.36,2016.0
3.362,2017.2
3.364,2018.4
3.366,2019.6
3.368,2020.8
3.37,2022.0
3.372,2023.2
3.374,2024.4
3.376,2025.6
3.378,2026.8
3.38,2028.0
3.382,2029.2
3.384,2030.4
3.386,2031.6
3.388,2032.8
3.39,2034.0
3.392,2035.2
3.394,2036.4
3.396,2037.6
3.398,2038.8
3.4,2040.0
3.402,2041.2
3.404,2042.4
3.406,2043.6
3.408,2044.8
3.41,2046.0
3.412,2047.2
3.414,2048.4
3.416,2049.6
3.418,2050.8
3.42,2052.0
3.422,2053.2
3.424,2054.4
3.426,2055.6
3.428,2056.8
3.43,2058.0
3.432,2059.2
3.434,2060.4
3.436,2061.6
3.438,2062.8
3.44,2064.0
3.442,2065.2
3.444,2066.4
3.446,2067.6
3.448,2068.8
3.45,2070.0
3.452,2071.2
3.454,2072.4
3.456,2073.6
3.458,2074.8
3.46,2076.0
3.462,2077.2
3.464,2078.4
3.466,2079.6
3.468,2080.8
3.47,2082.0
3.472,2083.2
3.474,2084.4
3.476,2085.6
3.478,2086.8
3.48,2088.0
3.482,2089.2
3.484,2090.4
3.486,2091.6
3.488,2092.8
3.49,2094.0
3.492,2095.2
3.494,2096.4
3.496,2097.6
3.498,2098.8
3.5,2100.0
3.502,2101.2
3.504,2102.4
3.506,2103.6
3.508,2104.8
3.51,2106.0
3.512,2107.2
3.514,2108.4
3.516,2109.6
3.518,2110.8
3.52,2112.0
3.522,2113.2
3.524,2114.4
3.526,2115.6
3.528,2116.8
3.53,2118.0
3.532,2119.2
3.534,2120.4
3.536,2121.6
3.538,2122.8
3.54,2124.0
3.542,2125.2
3.544,2126.4
3.546,2127.6
3.548,2128.8
3.55,2130.0
3.552,2131.2
3.554,2132.4
3.556,2133.6
3.558,2134.8
3.56,2136.0
3.562,2137.2
3.564,2138.4
3.566,2139.6
3.568,2140.8
3.57,2142.0
3.572,2143.2
3.574,2144.4
3.576,2145.6
3.578,2146.8
3.58,2148.0
3.582,2149.2
3.584,2150.4
3.586,2151.6
3.588,2152.8
3.59,2154.0
3.592,2155.2
3.594,2156.4
3.596,2157.6
3.598,2158.8
3.6,2160.0
3.602,2161.2
3.604,2162.4
3.606,2163.6
3.608,2164.8
3.61,2166.0
3.612,2167.2
3.614,2168.4
3.616,2169.6
3.618,2170.8
3.62,2172.0
3.622,2173.2
3.624,2174.4
3.626,2175.6
3.628,2176.8
3.63,2178.0
3.632,2179.2
3.634,2180.4
3.636,2181.6
3.638,2182.8
3.64,2184.0
3.642,2185.2
3.644,2186.4
3.646,2187.6
3.648,2188.8
3.65,2190.0
3.652,2191.2
3.654,2192.4
3.656,2193.6
3.658,2194.8
3.66,2196.0
3.662,2197.2
3.664,2198.4
3.666,2199.6
3.668,2200.8
3.67,2202.0
3.672,2203.2
3.674,2204.4
3.676,2205.6
3.678,2206.8
3.68,2208.0
3.682,2209.2
3.684,2210.4
3.686,2211.6
3.688,2212.8
3.69,2214.0
3.692,2215.2
3.694,2216.4
3.696,2217.6
3.698,2218.8
3.7,2220.0
3.702,2221.2
3.704,2222.4
3.706,2223.6
3.708,2224.8
3.71,2226.0
3.712,2227.2
3.714,2228.4
3.716,2229.6
3.718,2230.8
3.72,2232.0
3.722,2233.2
3.724,2234.4
3.726,2235.6
3.728,2236.8
3.73,2238.0
3.732,2239.2
3.734,2240.4
3.736,2241.6
3.738,2242.8
3.74,2244.0
3.742,2245.2
3.744,2246.4
3.746,2247.6
3.748,2248.8
3.75,2250.0
3.752,2251.2
3.754,2252.4
3.756,2253.6
3.758,2254.8
3.76,2256.0
3.762,2257.2
3.764,2258.4
3.766,2259.6
3.768,2260.8
3.77,2262.0
3.772,2263.2
3.774,2264.4
3.776,2265.6
3.778,2266.8
3.78,2268.0
3.782,2269.2
3.784,2270.4
3.786,2271.6
3.788,2272.8
3.79,2274.0
3.792,2275.2
3.794,2276.4
3.796,2277.6
3.798,2278.8
3.8,2280.0
3.802,2281.2
3.804,2282.4
3.806,2283.6
3.808,2284.8
3.81,2286.0
3.812,2287.2
3.814,2288.4
3.816,2289.6
3.818,2290.8
3.82,2292.0
3.822,2293.2
3.824,2294.4
3.826,2295.6
3.828,2296.8
3.83,2298.0
3.832,2299.2
3.834,2300.4
3.836,2301.6
3.838,2302.8
3.84,2304.0
3.842,2305.2
3.844,2306.4
3.846,2307.6
3.848,2308.8
3.85,2310.0
3.852,2311.2
3.854,2312.4
3.856,2313.6
3.858,2314.8
3.86,2316.0
3.862,2317.2
3.864,2318.4
3.866,2319.6
3.868,2320.8
3.87,2322.0
3.872,2323.2
3.874,2324.4
3.876,2325.6
3.878,2326.8
3.88,2328.0
3.882,2329.2
3.884,2330.4
3.886,2331.6
3.888,2332.8
3.89,2334.0
3.892,2335.2
3.894,2336.4
3.896,2337.6
3.898,2338.8
3.9,2340.0
3.902,2341.2
3.904,2342.4
3.906,2343.6
3.908,2344.8
3.91,2346.0
3.912,2347.2
3.914,2348.4
3.916,2349.6
3.918,2350.8
3.92,2352.0
3.922,2353.2
3.924,2354.4
3.926,2355.6
3.928,2356.8
3.93,2358.0
3.932,2359.2
3.934,2360.4
3.936,2361.6
3.938,2362.8
3.94,2364.0
3.942,2365.2
3.944,2366.4
3.946,2367.6
3.948,2368.8
3.95,2370.0
3.952,2371.2
3.954,2372.4
3.956,2373.6
3.958,2374.8
3.96,2376.0
3.962,2377.2
3.964,2378.4
3.966,2379.6
3.968,2380.8
3.97,2382.0
3.972,2383.2
3.974,2384.4
3.976,2385.6
3.978,2386.8
3.98,2388.0
3.982,2389.2
3.984,2390.4
3.986,2391.6
3.988,2392.8
3.99,2394.0
3.992,2395.2
3.994,2396.4
3.996,2397.6
3.998,2398.8
4.0,2400.0
4.002,2401.2
4.004,2402.4
4.006,2403.6
4.008,2404.8
4.01,2406.0
4.012,2407.2
4.014,2408.4
4.016,2409.6
4.018,2410.8
4.02,2412.0
4.022,2413.2
4.024,2414.4
4.026,2415.6
4.028,2416.8
4.03,2418.0
4.032,2419.2
4.034,2420.4
4.036,2421.6
4.038,2422.8
4.04,2424.0
4.042,2425.2
4.044,2426.4
4.046,2427.6
4.048,2428.8
4.05,2430.0
4.052,2431.2
4.054,2432.4
4.056,2433.6
4.058,2434.8
4.06,2436.0
4.062,2437.2
4.064,2438.4
4.066,2439.6
4.068,2440.8
4.07,2442.0
4.072,2443.2
4.074,2444.4
4.076,2445.6
4.078,2446.8
4.08,2448.0
4.082,2449.2
4.084,2450.4
4.086,2451.6
4.088,2452.8
4.09,2454.0
4.092,2455.2
4.094,2456.4
4.096,2457.6
4.098,2458.8
4.1,2460.0
4.102,2461.2
4.104,2462.4
4.106,2463.6
4.108,2464.8
4.11,2466.0
4.112,2467.2
4.114,2468.4
4.116,2469.6
4.118,2470.8
4.12,2472.0
4.122,2473.2
4.124,2474.4
4.126,2475.6
4.128,2476.8
4.13,2478.0
4.132,2479.2
4.134,2480.4
4.136,2481.6
4.138,2482.8
4.14,2484.0
4.142,2485.2
4.144,2486.4
4.146,2487.6
4.148,2488.8
4.15,2490.0
4.152,2491.2
4.154,2492.4
4.156,2493.6
4.158,2494.8
4.16,2496.0
4.162,2497.2
4.164,2498.4
4.166,2499.6
4.168,2500.8
4.17,2502.0
4.172,2503.2
4.174,2504.4
4.176,2505.6
4.178,2506.8
4.18,2508.0
4.182,2509.2
4.184,2510.4
4.186,2511.6
4.188,2512.8
4.19,2514.0
4.192,2515.2
4.194,2516.4
4.196,2517.6
4.198,2518.8
4.2,2520.0
4.202,2521.2
4.204,2522.4
4.206,2523.6
4.208,2524.8
4.21,2526.0
4.212,2527.2
4.214,2528.4
4.216,2529.6
4.218,2530.8
4.22,2532.0
4.222,2533.2
4.224,2534.4
4.226,2535.6
4.228,2536.8
4.23,2538.0
4.232,2539.2
4.234,2540.4
4.236,2541.6
4.238,2542.8
4.24,2544.0
4.242,2545.2
4.244,2546.4
4.246,2547.6
4.248,2548.8
4.25,2550.0
4.252,2551.2
4.254,2552.4
4.256,2553.6
4.258,2554.8
4.26,2556.0
4.262,2557.2
4.264,2558.4
4.266,2559.6
4.268,2560.8
4.27,2562.0
4.272,2563.2
4.274,2564.4
4.276,2565.6
4.278,2566.8
4.28,2568.0
4.282,2569.2
4.284,2570.4
4.286,2571.6
4.288,2572.8
4.29,2574.0
4.292,2575.2
4.294,2576.4
4.296,2577.6
4.298,2578.8
4.3,2580.0
4.302,2581.2
4.304,2582.4
4.306,2583.6
4.308,2584.8
4.31,2586.0
4.312,2587.2
4.314,2588.4
4.316,2589.6
4.318,2590.8
4.32,2592.0
4.322,2593.2
4.324,2594.4
4.326,2595.6
4.328,2596.8
4.33,2598.0
4.332,2599.2
4.334,2600.4
4.336,2601.6
4.338,2602.8
4.34,2604.0
4.342,2605.2
4.344,2606.4
4.346,2607.6
4.348,2608.8
4.35,2610.0
4.352,2611.2
4.354,2612.4
4.356,2613.6
4.358,2614.8
4.36,2616.0
4.362,2617.2
4.364,2618.4
4.366,2619.6
4.368,2620.8
4.37,2622.0
4.372,2623.2
4.374,2624.4
4.376,2625.6
4.378,2626.8
4.38,2628.0
4.382,2629.2
4.384,2630.4
4.386,2631.6
4.388,2632.8
4.39,2634.0
4.392,2635.2
4.394,2636.4
4.396,2637.6
4.398,2638.8
4.4,2640.0
4.402,2641.2
4.404,2642.4
4.406,2643.6
4.408,2644.8
4.41,2646.0
4.412,2647.2
4.414,2648.4
4.416,2649.6
4.418,2650.8
4.42,2652.0
4.422,2653.2
4.424,2654.4
4.426,2655.6
4.428,2656.8
4.43,2658.0
4.432,2659.2
4.434,2660.4
4.436,2661.6
4.438,2662.8
4.44,2664.0
4.442,2665.2
4.444,2666.4
4.446,2667.6
4.448,2668.8
4.45,2670.0
4.452,2671.2
4.454,2672.4
4.456,2673.6
4.458,2674.8
4.46,2676.0
4.462,2677.2
4.464,2678.4
4.466,2679.6
4.468,2680.8
4.47,2682.0
4.472,2683.2
4.474,2684.4
4.476,2685.6
4.478,2686.8
4.48,2688.0
4.482,2689.2
4.484,2690.4
4.486,2691.6
4.488,2692.8
4.49,2694.0
4.492,2695.2
4.494,2696.4
4.496,2697.6
4.498,2698.8
4.5,2700.0
4.502,2701.2
4.504,2702.4
4.506,2703.6
4.508,2704.8
4.51,2706.0
4.512,2707.2
4.514,2708.4
4.516,2709.6
4.518,2710.8
4.52,2712.0
4.522,2713.2
4.524,2714.4
4.526,2715.6
4.528,2716.8
4.53,2718.0
4.532,2719.2
4.534,2720.4
4.536,2721.6
4.538,2722.8
4.54,2724.0
4.542,2725.2
4.544,2726.4
4.546,2727.6
4.548,2728.8
4.55,2730.0
4.552,2731.2
4.554,2732.4
4.556,2733.6
4.558,2734.8
4.56,2736.0
4.562,2737.2
4.564,2738.4
4.566,2739.6
4.568,2740.8
4.57,2742.0
4.572,2743.2
4.574,2744.4
4.576,2745.6
4.578,2746.8
4.58,2748.0
4.582,2749.2
4.584,2750.4
4.586,2751.6
4.588,2752.8
4.59,2754.0
4.592,2755.2
4.594,2756.4
4.596,2757.6
4.598,2758.8
4.6,2760.0
4.602,2761.2
4.604,2762.4
4.606,2763.6
4.608,2764.8
4.61,2766.0
4.612,2767.2
4.614,2768.4
4.616,2769.6
4.618,2770.8
4.62,2772.0
4.622,2773.2
4.624,2774.4
4.626,2775.6
4.628,2776.8
4.63,2778.0
4.632,2779.2
4.634,2780.4
4.636,2781.6
4.638,2782.8
4.64,2784.0
4.642,2785.2
4.644,2786.4
4.646,2787.6
4.648,2788.8
4.65,2790.0
4.652,2791.2
4.654,2792.4
4.656,2793.6
4.658,2794.8
4.66,2796.0
4.662,2797.2
4.664,2798.4
4.666,2799.6
4.668,2800.8
4.67,2802.0
4.672,2803.2
4.674,2804.4
4.676,2805.6
4.678,2806.8
4.68,2808.0
4.682,2809.2
4.684,2810.4
4.686,2811.6
4.688,2812.8
4.69,2814.0
4.692,2815.2
4.694,2816.4
4.696,2817.6
4.698,2818.8
4.7,2820.0
4.702,2821.2
4.704,2822.4
4.706,2823.6
4.708,2824.8
4.71,2826.0
4.712,2827.2
4.714,2828.4
4.716,2829.6
4.718,2830.8
4.72,2832.0
4.722,2833.2
4.724,2834.4
4.726,2835.6
4.728,2836.8
4.73,2838.0
4.732,2839.2
4.734,2840.4
4.736,2841.6
4.738,2842.8
4.74,2844.0
4.742,2845.2
4.744,2846.4
4.746,2847.6
4.748,2848.8
4.75,2850.0
4.752,2851.2
4.754,2852.4
4.756,2853.6
4.758,2854.8
4.76,2856.0
4.762,2857.2
4.764,2858.4
4.766,2859.6
4.768,2860.8
4.77,2862.0
4.772,2863.2
4.774,2864.4
4.776,2865.6
4.778,2866.8
4.78,2868.0
4.782,2869.2
4.784,2870.4
4.786,2871.6
4.788,2872.8
4.79,2874.0
4.792,2875.2
4.794,2876.4
4.796,2877.6
4.798,2878.8
4.8,2880.0
4.802,2881.2
4.804,2882.4
4.806,2883.6
4.808,2884.8
4.81,2886.0
4.812,2887.2
4.814,2888.4
4.816,2889.6
4.818,2890.8
4.82,2892.0
4.822,2893.2
4.824,2894.4
4.826,2895.6
4.828,2896.8
4.83,2898.0
4.832,2899.2
4.834,2900.4
4.836,2901.6
4.838,2902.8
4.84,2904.0
4.842,2905.2
4.844,2906.4
4.846,2907.6
4.848,2908.8
4.85,2910.0
4.852,2911.2
4.854,2912.4
4.856,2913.6
4.858,2914.8
4.86,2916.0
4.862,2917.2
4.864,2918.4
4.866,2919.6
4.868,2920.8
4.87,2922.0
4.872,2923.2
4.874,2924.4
4.876,2925.6
4.878,2926.8
4.88,2928.0
4.882,2929.2
4.884,2930.4
4.886,2931.6
4.888,2932.8
4.89,2934.0
4.892,2935.2
4.894,2936.4
4.896,2937.6
4.898,2938.8
4.9,2940.0
4.902,2941.2
4.904,2942.4
4.906,2943.6
4.908,2944.8
4.91,2946.0
4.912,2947.2
4.914,2948.4
4.916,2949.6
4.918,2950.8
4.92,2952.0
4.922,2953.2
4.924,2954.4
4.926,2955.6
4.928,2956.8
4.93,2958.0
4.932,2959.2
4.934,2960.4
4.936,2961.6
4.938,2962.8
4.94,2964.0
4.942,2965.2
4.944,2966.4
4.946,2967.6
4.948,2968.8
4.95,2970.0
4.952,2971.2
4.954,2972.4
4.956,2973.6
4.958,2974.8
4.96,2976.0
4.962,2977.2
4.964,2978.4
4.966,2979.6
4.968,2980.8
4.97,2982.0
4.972,2983.2
4.974,2984.4
4.976,2985.6
4.978,2986.8
4.98,2988.0
4.982,2989.2
4.984,2990.4
4.986,2991.6
4.988,2992.8
4.99,2994.0
4.992,2995.2
4.994,2996.4
4.996,2997.6
4.998,2998.8
5.0,3000.0
5.002,3001.2
5.004,3002.4
5.006,3003.6
5.008,3004.8
5.01,3006.0
5.012,3007.2
5.014,3008.4
5.016,3009.6
5.018,3010.8
5.02,3012.0
5.022,3013.2
5.024,3014.4
5.026,3015.6
5.028,3016.8
5.03,3018.0
5.032,3019.2
5.034,3020.4
5.036,3021.6
5.038,3022.8
5.04,3024.0
5.042,3025.2
5.044,3026.4
5.046,3027.6
5.048,3028.8
5.05,3030.0
5.052,3031.2
5.054,3032.4
5.056,3033.6
5.058,3034.8
5.06,3036.0
5.062,3037.2
5.064,3038.4
5.066,3039.6
5.068,3040.8
5.07,3042.0
5.072,3043.2
5.074,3044.4
5.076,3045.6
5.078,3046.8
5.08,3048.0
5.082,3049.2
5.084,3050.4
5.086,3051.6
5.088,3052.8
5.09,3054.0
5.092,3055.2
5.094,3056.4
5.096,3057.6
5.098,3058.8
5.1,3060.0
5.102,3061.2
5.104,3062.4
5.106,3063.6
5.108,3064.8
5.11,3066.0
5.112,3067.2
5.114,3068.4
5.116,3069.6
5.118,3070.8
5.12,3072.0
5.122,3073.2
5.124,3074.4
5.126,3075.6
5.128,3076.8
5.13,3078.0
5.132,3079.2
5.134,3080.4
5.136,3081.6
5.138,3082.8
5.14,3084.0
5.142,3085.2
5.144,3086.4
5.146,3087.6
5.148,3088.8
5.15,3090.0
5.152,3091.2
5.154,3092.4
5.156,3093.6
5.158,3094.8
5.16,3096.0
5.162,3097.2
5.164,3098.4
5.166,3099.6
5.168,3100.8
5.17,3102.0
5.172,3103.2
5.174,3104.4
5.176,3105.6
5.178,3106.8
5.18,3108.0
5.182,3109.2
5.184,3110.4
5.186,3111.6
5.188,3112.8
5.19,3114.0
5.192,3115.2
5.194,3116.4
5.196,3117.6
5.198,3118.8
5.2,3120.0
5.202,3121.2
5.204,3122.4
5.206,3123.6
5.208,3124.8
5.21,3126.0
5.212,3127.2
5.214,3128.4
5.216,3129.6
5.218,3130.8
5.22,3132.0
5.222,3133.2
5.224,3134.4
5.226,3135.6
5.228,3136.8
5.23,3138.0
5.232,3139.2
5.234,3140.4
5.236,3141.6
5.238,3142.8
5.24,3144.0
5.242,3145.2
5.244,3146.4
5.246,3147.6
5.248,3148.8
5.25,3150.0
5.252,3151.2
5.254,3152.4
5.256,3153.6
5.258,3154.8
5.26,3156.0
5.262,3157.2
5.264,3158.4
5.266,3159.6
5.268,3160.8
5.27,3162.0
5.272,3163.2
5.274,3164.4
5.276,3165.6
5.278,3166.8
5.28,3168.0
5.282,3169.2
5.284,3170.4
5.286,3171.6
5.288,3172.8
5.29,3174.0
5.292,3175.2
5.294,3176.4
5.296,3177.6
5.298,3178.8
5.3,3180.0
5.302,3181.2
5.304,3182.4
5.306,3183.6
5.308,3184.8
5.31,3186.0
5.312,3187.2
5.314,3188.4
5.316,3189.6
5.318,3190.8
5.32,3192.0
5.322,3193.2
5.324,3194.4
5.326,3195.6
5.328,3196.8
5.33,3198.0
5.332,3199.2
5.334,3200.4
5.336,3201.6
5.338,3202.8
5.34,3204.0
5.342,3205.2
5.344,3206.4
5.346,3207.6
5.348,3208.8
5.35,3210.0
5.352,3211.2
5.354,3212.4
5.356,3213.6
5.358,3214.8
5.36,3216.0
5.362,3217.2
5.364,3218.4
5.366,3219.6
5.368,3220.8
5.37,3222.0
5.372,3223.2
5.374,3224.4
5.376,3225.6
5.378,3226.8
5.38,3228.0
5.382,3229.2
5.384,3230.4
5.386,3231.6
5.388,3232.8
5.39,3234.0
5.392,3235.2
5.394,3236.4
5.396,3237.6
5.398,3238.8
5.4,3240.0
5.402,3241.2
5.404,3242.4
5.406,3243.6
5.408,3244.8
5.41,3246.0
5.412,3247.2
5.414,3248.4
5.416,3249.6
5.418,3250.8
5.42,3252.0
5.422,3253.2
5.424,3254.4
5.426,3255.6
5.428,3256.8
5.43,3258.0
5.432,3259.2
5.434,3260.4
5.436,3261.6
5.438,3262.8
5.44,3264.0
5.442,3265.2
5.444,3266.4
5.446,3267.6
5.448,3268.8
5.45,3270.0
5.452,3271.2
5.454,3272.4
5.456,3273.6
5.458,3274.8
5.46,3276.0
5.462,3277.2
5.464,3278.4
5.466,3279.6
5.468,3280.8
5.47,3282.0
5.472,3283.2
5.474,3284.4
5.476,3285.6
5.478,3286.8
5.48,3288.0
5.482,3289.2
5.484,3290.4
5.486,3291.6
5.488,3292.8
5.49,3294.0
5.492,3295.2
5.494,3296.4
5.496,3297.6
5.498,3298.8
5.5,3300.0
5.502,3301.2
5.504,3302.4
5.506,3303.6
5.508,3304.8
5.51,3306.0
5.512,3307.2
5.514,3308.4
5.516,3309.6
5.518,3310.8
5.52,3312.0
5.522,3313.2
5.524,3314.4
5.526,3315.6
5.528,3316.8
5.53,3318.0
5.532,3319.2
5.534,3320.4
5.536,3321.6
5.538,3322.8
5.54,3324.0
5.542,3325.2
5.544,3326.4
5.546,3327.6
5.548,3328.8
5.55,3330.0
5.552,3331.2
5.554,3332.4
5.556,3333.6
5.558,3334.8
5.56,3336.0
5.562,3337.2
5.564,3338.4
5.566,3339.6
5.568,3340.8
5.57,3342.0
5.572,3343.2
5.574,3344.4
5.576,3345.6
5.578,3346.8
5.58,3348.0
5.582,3349.2
5.584,3350.4
5.586,3351.6
5.588,3352.8
5.59,3354.0
5.592,3355.2
5.594,3356.4
5.596,3357.6
5.598,3358.8
5.6,3360.0
5.602,3361.2
5.604,3362.4
5.606,3363.6
5.608,3364.8
5.61,3366.0
5.612,3367.2
5.614,3368.4
5.616,3369.6
5.618,3370.8
5.62,3372.0
5.622,3373.2
5.624,3374.4
5.626,3375.6
5.628,3376.8
5.63,3378.0
5.632,3379.2
5.634,3380.4
5.636,3381.6
5.638,3382.8
5.64,3384.0
5.642,3385.2
5.644,3386.4
5.646,3387.6
5.648,3388.8
5.65,3390.0
5.652,3391.2
5.654,3392.4
5.656,3393.6
5.658,3394.8
5.66,3396.0
5.662,3397.2
5.664,3398.4
5.666,3399.6
5.668,3400.8
5.67,3402.0
5.672,3403.2
5.674,3404.4
5.676,3405.6
5.678,3406.8
5.68,3408.0
5.682,3409.2
5.684,3410.4
5.686,3411.6
5.688,3412.8
5.69,3414.0
5.692,3415.2
5.694,3416.4
5.696,3417.6
5.698,3418.8
5.7,3420.0
5.702,3421.2
5.704,3422.4
5.706,3423.6
5.708,3424.8
5.71,3426.0
5.712,3427.2
5.714,3428.4
5.716,3429.6
5.718,3430.8
5.72,3432.0
5.722,3433.2
5.724,3434.4
5.726,3435.6
5.728,3436.8
5.73,3438.0
5.732,3439.2
5.734,3440.4
5.736,3441.6
5.738,3442.8
5.74,3444.0
5.742,3445.2
5.744,3446.4
5.746,3447.6
5.748,3448.8
5.75,3450.0
5.752,3451.2
5.754,3452.4
5.756,3453.6
5.758,3454.8
5.76,3456.0
5.762,3457.2
5.764,3458.4
5.766,3459.6
5.768,3460.8
5.77,3462.0
5.772,3463.2
5.774,3464.4
5.776,3465.6
5.778,3466.8
5.78,3468.0
5.782,3469.2
5.784,3470.4
5.786,3471.6
5.788,3472.8
5.79,3474.0
5.792,3475.2
5.794,3476.4
5.796,3477.6
5.798,3478.8
5.8,3480.0
5.802,3481.2
5.804,3482.4
5.806,3483.6
5.808,3484.8
5.81,3486.0
5.812,3487.2
5.814,3488.4
5.816,3489.6
5.818,3490.8
5.82,3492.0
5.822,3493.2
5.824,3494.4
5.826,3495.6
5.828,3496.8
5.83,3498.0
5.832,3499.2
5.834,3500.4
5.836,3501.6
5.838,3502.8
5.84,3504.0
5.842,3505.2
5.844,3506.4
5.846,3507.6
5.848,3508.8
5.85,3510.0
5.852,3511.2
5.854,3512.4
5.856,3513.6
5.858,3514.8
5.86,3516.0
5.862,3517.2
5.864,3518.4
5.866,3519.6
5.868,3520.8
5.87,3522.0
5.872,3523.2
5.874,3524.4
5.876,3525.6
5.878,3526.8
5.88,3528.0
5.882,3529.2
5.884,3530.4
5.886,3531.6
5.888,3532.8
5.89,3534.0
5.892,3535.2
5.894,3536.4
5.896,3537.6
5.898,3538.8
5.9,3540.0
5.902,3541.2
5.904,3542.4
5.906,3543.6
5.908,3544.8
5.91,3546.0
5.912,3547.2
5.914,3548.4
5.916,3549.6
5.918,3550.8
5.92,3552.0
5.922,3553.2
5.924,3554.4
5.926,3555.6
5.928,3556.8
5.93,3558.0
5.932,3559.2
5.934,3560.4
5.936,3561.6
5.938,3562.8
5.94,3564.0
5.942,3565.2
5.944,3566.4
5.946,3567.6
5.948,3568.8
5.95,3570.0
5.952,3571.2
5.954,3572.4
5.956,3573.6
5.958,3574.8
5.96,3576.0
5.962,3577.2
5.964,3578.4
5.966,3579.6
5.968,3580.8
5.97,3582.0
5.972,3583.2
5.974,3584.4
5.976,3585.6
5.978,3586.8
5.98,3588.0
5.982,3589.2
5.984,3590.4
5.986,3591.6
5.988,3592.8
5.99,3594.0
5.992,3595.2
5.994,3596.4
5.996,3597.6
5.998,3598.8
6.0,3600.0
6.002,3601.2
6.004,3602.4
6.006,3603.6
6.008,3604.8
6.01,3606.0
6.012,3607.2
6.014,3608.4
6.016,3609.6
6.018,3610.8
6.02,3612.0
6.022,3613.2
6.024,3614.4
6.026,3615.6
6.028,3616.8
6.03,3618.0
6.032,3619.2
6.034,3620.4
6.036,3621.6
6.038,3622.8
6.04,3624.0
6.042,3625.2
6.044,3626.4
6.046,3627.6
6.048,3628.8
6.05,3630.0
6.052,3631.2
6.054,3632.4
6.056,3633.6
6.058,3634.8
6.06,3636.0
6.062,3637.2
6.064,3638.4
6.066,3639.6
6.068,3640.8
6.07,3642.0
6.072,3643.2
6.074,3644.4
6.076,3645.6
6.078,3646.8
6.08,3648.0
6.082,3649.2
6.084,3650.4
6.086,3651.6
6.088,3652.8
6.09,3654.0
6.092,3655.2
6.094,3656.4
6.096,3657.6
6.098,3658.8
6.1,3660.0
6.102,3661.2
6.104,3662.4
6.106,3663.6
6.108,3664.8
6.11,3666.0
6.112,3667.2
6.114,3668.4
6.116,3669.6
6.118,3670.8
6.12,3672.0
6.122,3673.2
6.124,3674.4
6.126,3675.6
6.128,3676.8
6.13,3678.0
6.132,3679.2
6.134,3680.4
6.136,3681.6
6.138,3682.8
6.14,3684.0
6.142,3685.2
6.144,3686.4
6.146,3687.6
6.148,3688.8
6.15,3690.0
6.152,3691.2
6.154,3692.4
6.156,3693.6
6.158,3694.8
6.16,3696.0
6.162,3697.2
6.164,3698.4
6.166,3699.6
6.168,3700.8
6.17,3702.0
6.172,3703.2
6.174,3704.4
6.176,3705.6
6.178,3706.8
6.18,3708.0
6.182,3709.2
6.184,3710.4
6.186,3711.6
6.188,3712.8
6.19,3714.0
6.192,3715.2
6.194,3716.4
6.196,3717.6
6.198,3718.8
6.2,3720.0
6.202,3721.2
6.204,3722.4
6.206,3723.6
6.208,3724.8
6.21,3726.0
6.212,3727.2
6.214,3728.4
6.216,3729.6
6.218,3730.8
6.22,3732.0
6.222,3733.2
6.224,3734.4
6.226,3735.6
6.228,3736.8
6.23,3738.0
6.232,3739.2
6.234,3740.4
6.236,3741.6
6.238,3742.8
6.24,3744.0
6.242,3745.2
6.244,3746.4
6.246,3747.6
6.248,3748.8
6.25,3750.0
6.252,3751.2
6.254,3752.4
6.256,3753.6
6.258,3754.8
6.26,3756.0
6.262,3757.2
6.264,3758.4
6.266,3759.6
6.268,3760.8
6.27,3762.0
6.272,3763.2
6.274,3764.4
6.276,3765.6
6.278,3766.8
6.28,3768.0
6.282,3769.2
6.284,3770.4
6.286,3771.6
6.288,3772.8
6.29,3774.0
6.292,3775.2
6.294,3776.4
6.296,3777.6
6.298,3778.8
6.3,3780.0
6.302,3781.2
6.304,3782.4
6.306,3783.6
6.308,3784.8
6.31,3786.0
6.312,3787.2
6.314,3788.4
6.316,3789.6
6.318,3790.8
6.32,3792.0
6.322,3793.2
6.324,3794.4
6.326,3795.6
6.328,3796.8
6.33,3798.0
6.332,3799.2
6.334,3800.4
6.336,3801.6
6.338,3802.8
6.34,3804.0
6.342,3805.2
6.344,3806.4
6.346,3807.6
6.348,3808.8
6.35,3810.0
6.352,3811.2
6.354,3812.4
6.356,3813.6
6.358,3814.8
6.36,3816.0
6.362,3817.2
6.364,3818.4
6.366,3819.6
6.368,3820.8
6.37,3822.0
6.372,3823.2
6.374,3824.4
6.376,3825.6
6.378,3826.8
6.38,3828.0
6.382,3829.2
6.384,3830.4
6.386,3831.6
6.388,3832.8
6.39,3834.0
6.392,3835.2
6.394,3836.4
6.396,3837.6
6.398,3838.8
6.4,3840.0
6.402,3841.2
6.404,3842.4
6.406,3843.6
6.408,3844.8
6.41,3846.0
6.412,3847.2
6.414,3848.4
6.416,3849.6
6.418,3850.8
6.42,3852.0
6.422,3853.2
6.424,3854.4
6.426,3855.6
6.428,3856.8
6.43,3858.0
6.432,3859.2
6.434,3860.4
6.436,3861.6
6.438,3862.8
6.44,3864.0
6.442,3865.2
6.444,3866.4
6.446,3867.6
6.448,3868.8
6.45,3870.0
6.452,3871.2
6.454,3872.4
6.456,3873.6
6.458,3874.8
6.46,3876.0
6.462,3877.2
6.464,3878.4
6.466,3879.6
6.468,3880.8
6.47,3882.0
6.472,3883.2
6.474,3884.4
6.476,3885.6
6.478,3886.8
6.48,3888.0
6.482,3889.2
6.484,3890.4
6.486,3891.6
6.488,3892.8
6.49,3894.0
6.492,3895.2
6.494,3896.4
6.496,3897.6
6.498,3898.8
6.5,3900.0
6.502,3901.2
6.504,3902.4
6.506,3903.6
6.508,3904.8
6.51,3906.0
6.512,3907.2
6.514,3908.4
6.516,3909.6
6.518,3910.8
6.52,3912.0
6.522,3913.2
6.524,3914.4
6.526,3915.6
6.528,3916.8
6.53,3918.0
6.532,3919.2
6.534,3920.4
6.536,3921.6
6.538,3922.8
6.54,3924.0
6.542,3925.2
6.544,3926.4
6.546,3927.6
6.548,3928.8
6.55,3930.0
6.552,3931.2
6.554,3932.4
6.556,3933.6
6.558,3934.8
6.56,3936.0
6.562,3937.2
6.564,3938.4
6.566,3939.6
6.568,3940.8
6.57,3942.0
6.572,3943.2
6.574,3944.4
6.576,3945.6
6.578,3946.8
6.58,3948.0
6.582,3949.2
6.584,3950.4
6.586,3951.6
6.588,3952.8
6.59,3954.0
6.592,3955.2
6.594,3956.4
6.596,3957.6
6.598,3958.8
6.6,3960.0
6.602,3961.2
6.604,3962.4
6.606,3963.6
6.608,3964.8
6.61,3966.0
6.612,3967.2
6.614,3968.4
6.616,3969.6
6.618,3970.8
6.62,3972.0
6.622,3973.2
6.624,3974.4
6.626,3975.6
6.628,3976.8
6.63,3978.0
6.632,3979.2
6.634,3980.4
6.636,3981.6
6.638,3982.8
6.64,3984.0
6.642,3985.2
6.644,3986.4
6.646,3987.6
6.648,3988.8
6.65,3990.0
6.652,3991.2
6.654,3992.4
6.656,3993.6
6.658,3994.8
6.66,3996.0
6.662,3997.2
6.664,3998.4
6.666,3999.6
6.668,4000.8
6.67,4002.0
6.672,4003.2
6.674,4004.4
6.676,4005.6
6.678,4006.8
6.68,4008.0
6.682,4009.2
6.684,4010.4
6.686,4011.6
6.688,4012.8
6.69,4014.0
6.692,4015.2
6.694,4016.4
6.696,4017.6
6.698,4018.8
6.7,4020.0
6.702,4021.2
6.704,4022.4
6.706,4023.6
6.708,4024.8
6.71,4026.0
6.712,4027.2
6.714,4028.4
6.716,4029.6
6.718,4030.8
6.72,4032.0
6.722,4033.2
6.724,4034.4
6.726,4035.6
6.728,4036.8
6.73,4038.0
6.732,4039.2
6.734,4040.4
6.736,4041.6
6.738,4042.8
6.74,4044.0
6.742,4045.2
6.744,4046.4
6.746,4047.6
6.748,4048.8
6.75,4050.0
6.752,4051.2
6.754,4052.4
6.756,4053.6
6.758,4054.8
6.76,4056.0
6.762,4057.2
6.764,4058.4
6.766,4059.6
6.768,4060.8
6.77,4062.0
6.772,4063.2
6.774,4064.4
6.776,4065.6
6.778,4066.8
6.78,4068.0
6.782,4069.2
6.784,4070.4
6.786,4071.6
6.788,4072.8
6.79,4074.0
6.792,4075.2
6.794,4076.4
6.796,4077.6
6.798,4078.8
6.8,4080.0
6.802,4081.2
6.804,4082.4
6.806,4083.6
6.808,4084.8
6.81,4086.0
6.812,4087.2
6.814,4088.4
6.816,4089.6
6.818,4090.8
6.82,4092.0
6.822,4093.2
6.824,4094.4
6.826,4095.6
6.828,4096.8
6.83,4098.0
6.832,4099.2
6.834,4100.4
6.836,4101.6
6.838,4102.8
6.84,4104.0
6.842,4105.2
6.844,4106.4
6.846,4107.6
6.848,4108.8
6.85,4110.0
6.852,4111.2
6.854,4112.4
6.856,4113.6
6.858,4114.8
6.86,4116.0
6.862,4117.2
6.864,4118.4
6.866,4119.6
6.868,4120.8
6.87,4122.0
6.872,4123.2
6.874,4124.4
6.876,4125.6
6.878,4126.8
6.88,4128.0
6.882,4129.2
6.884,4130.4
6.886,4131.6
6.888,4132.8
6.89,4134.0
6.892,4135.2
6.894,4136.4
6.896,4137.6
6.898,4138.8
6.9,4140.0
6.902,4141.2
6.904,4142.4
6.906,4143.6
6.908,4144.8
6.91,4146.0
6.912,4147.2
6.914,4148.4
6.916,4149.6
6.918,4150.8
6.92,4152.0
6.922,4153.2
6.924,4154.4
6.926,4155.6
6.928,4156.8
6.93,4158.0
6.932,4159.2
6.934,4160.4
6.936,4161.6
6.938,4162.8
6.94,4164.0
6.942,4165.2
6.944,4166.4
6.946,4167.6
6.948,4168.8
6.95,4170.0
6.952,4171.2
6.954,4172.4
6.956,4173.6
6.958,4174.8
6.96,4176.0
6.962,4177.2
6.964,4178.4
6.966,4179.6
6.968,4180.8
6.97,4182.0
6.972,4183.2
6.974,4184.4
6.976,4185.6
6.978,4186.8
6.98,4188.0
6.982,4189.2
6.984,4190.4
6.986,4191.6
6.988,4192.8
6.99,4194.0
6.992,4195.2
6.994,4196.4
6.996,4197.6
6.998,4198.8
7.0,4200.0
7.002,4201.2
7.004,4202.4
7.006,4203.6
7.008,4204.8
7.01,4206.0
7.012,4207.2
7.014,4208.4
7.016,4209.6
7.018,4210.8
7.02,4212.0
7.022,4213.2
7.024,4214.4
7.026,4215.6
7.028,4216.8
7.03,4218.0
7.032,4219.2
7.034,4220.4
7.036,4221.6
7.038,4222.8
7.04,4224.0
7.042,4225.2
7.044,4226.4
7.046,4227.6
7.048,4228.8
7.05,4230.0
7.052,4231.2
7.054,4232.4
7.056,4233.6
7.058,4234.8
7.06,4236.0
7.062,4237.2
7.064,4238.4
7.066,4239.6
7.068,4240.8
7.07,4242.0
7.072,4243.2
7.074,4244.4
7.076,4245.6
7.078,4246.8
7.08,4248.0
7.082,4249.2
7.084,4250.4
7.086,4251.6
7.088,4252.8
7.09,4254.0
7.092,4255.2
7.094,4256.4
7.096,4257.6
7.098,4258.8
7.1,4260.0
7.102,4261.2
7.104,4262.4
7.106,4263.6
7.108,4264.8
7.11,4266.0
7.112,4267.2
7.114,4268.4
7.116,4269.6
7.118,4270.8
7.12,4272.0
7.122,4273.2
7.124,4274.4
7.126,4275.6
7.128,4276.8
7.13,4278.0
7.132,4279.2
7.134,4280.4
7.136,4281.6
7.138,4282.8
7.14,4284.0
7.142,4285.2
7.144,4286.4
7.146,4287.6
7.148,4288.8
7.15,4290.0
7.152,4291.2
7.154,4292.4
7.156,4293.6
7.158,4294.8
7.16,4296.0
7.162,4297.2
7.164,4298.4
7.166,4299.6
7.168,4300.8
7.17,4302.0
7.172,4303.2
7.174,4304.4
7.176,4305.6
7.178,4306.8
7.18,4308.0
7.182,4309.2
7.184,4310.4
7.186,4311.6
7.188,4312.8
7.19,4314.0
7.192,4315.2
7.194,4316.4
7.196,4317.6
7.198,4318.8
7.2,4320.0
7.202,4321.2
7.204,4322.4
7.206,4323.6
7.208,4324.8
7.21,4326.0
7.212,4327.2
7.214,4328.4
7.216,4329.6
7.218,4330.8
7.22,4332.0
7.222,4333.2
7.224,4334.4
7.226,4335.6
7.228,4336.8
7.23,4338.0
7.232,4339.2
7.234,4340.4
7.236,4341.6
7.238,4342.8
7.24,4344.0
7.242,4345.2
7.244,4346.4
7.246,4347.6
7.248,4348.8
7.25,4350.0
7.252,4351.2
7.254,4352.4
7.256,4353.6
7.258,4354.8
7.26,4356.0
7.262,4357.2
7.264,4358.4
7.266,4359.6
7.268,4360.8
7.27,4362.0
7.272,4363.2
7.274,4364.4
7.276,4365.6
7.278,4366.8
7.28,4368.0
7.282,4369.2
7.284,4370.4
7.286,4371.6
7.288,4372.8
7.29,4374.0
7.292,4375.2
7.294,4376.4
7.296,4377.6
7.298,4378.8
7.3,4380.0
7.302,4381.2
7.304,4382.4
7.306,4383.6
7.308,4384.8
7.31,4386.0
7.312,4387.2
7.314,4388.4
7.316,4389.6
7.318,4390.8
7.32,4392.0
7.322,4393.2
7.324,4394.4
7.326,4395.6
7.328,4396.8
7.33,4398.0
7.332,4399.2
7.334,4400.4
7.336,4401.6
7.338,4402.8
7.34,4404.0
7.342,4405.2
7.344,4406.4
7.346,4407.6
7.348,4408.8
7.35,4410.0
7.352,4411.2
7.354,4412.4
7.356,4413.6
7.358,4414.8
7.36,4416.0
7.362,4417.2
7.364,4418.4
7.366,4419.6
7.368,4420.8
7.37,4422.0
7.372,4423.2
7.374,4424.4
7.376,4425.6
7.378,4426.8
7.38,4428.0
7.382,4429.2
7.384,4430.4
7.386,4431.6
7.388,4432.8
7.39,4434.0
7.392,4435.2
7.394,4436.4
7.396,4437.6
7.398,4438.8
7.4,4440.0
7.402,4441.2
7.404,4442.4
7.406,4443.6
7.408,4444.8
7.41,4446.0
7.412,4447.2
7.414,4448.4
7.416,4449.6
7.418,4450.8
7.42,4452.0
7.422,4453.2
7.424,4454.4
7.426,4455.6
7.428,4456.8
7.43,4458.0
7.432,4459.2
7.434,4460.4
7.436,4461.6
7.438,4462.8
7.44,4464.0
7.442,4465.2
7.444,4466.4
7.446,4467.6
7.448,4468.8
7.45,4470.0
7.452,4471.2
7.454,4472.4
7.456,4473.6
7.458,4474.8
7.46,4476.0
7.462,4477.2
7.464,4478.4
7.466,4479.6
7.468,4480.8
7.47,4482.0
7.472,4483.2
7.474,4484.4
7.476,4485.6
7.478,4486.8
7.48,4488.0
7.482,4489.2
7.484,4490.4
7.486,4491.6
7.488,4492.8
7.49,4494.0
7.492,4495.2
7.494,4496.4
7.496,4497.6
7.498,4498.8
7.5,4500.0
7.502,4501.2
7.504,4502.4
7.506,4503.6
7.508,4504.8
7.51,4506.0
7.512,4507.2
7.514,4508.4
7.516,4509.6
7.518,4510.8
7.52,4512.0
7.522,4513.2
7.524,4514.4
7.526,4515.6
7.528,4516.8
7.53,4518.0
7.532,4519.2
7.534,4520.4
7.536,4521.6
7.538,4522.8
7.54,4524.0
7.542,4525.2
7.544,4526.4
7.546,4527.6
7.548,4528.8
7.55,4530.0
7.552,4531.2
7.554,4532.4
7.556,4533.6
7.558,4534.8
7.56,4536.0
7.562,4537.2
7.564,4538.4
7.566,4539.6
7.568,4540.8
7.57,4542.0
7.572,4543.2
7.574,4544.4
7.576,4545.6
7.578,4546.8
7.58,4548.0
7.582,4549.2
7.584,4550.4
7.586,4551.6
7.588,4552.8
7.59,4554.0
7.592,4555.2
7.594,4556.4
7.596,4557.6
7.598,4558.8
7.6,4560.0
7.602,4561.2
7.604,4562.4
7.606,4563.6
7.608,4564.8
7.61,4566.0
7.612,4567.2
7.614,4568.4
7.616,4569.6
7.618,4570.8
7.62,4572.0
7.622,4573.2
7.624,4574.4
7.626,4575.6
7.628,4576.8
7.63,4578.0
7.632,4579.2
7.634,4580.4
7.636,4581.6
7.638,4582.8
7.64,4584.0
7.642,4585.2
7.644,4586.4
7.646,4587.6
7.648,4588.8
7.65,4590.0
7.652,4591.2
7.654,4592.4
7.656,4593.6
7.658,4594.8
7.66,4596.0
7.662,4597.2
7.664,4598.4
7.666,4599.6
7.668,4600.8
7.67,4602.0
7.672,4603.2
7.674,4604.4
7.676,4605.6
7.678,4606.8
7.68,4608.0
7.682,4609.2
7.684,4610.4
7.686,4611.6
7.688,4612.8
7.69,4614.0
7.692,4615.2
7.694,4616.4
7.696,4617.6
7.698,4618.8
7.7,4620.0
7.702,4621.2
7.704,4622.4
7.706,4623.6
7.708,4624.8
7.71,4626.0
7.712,4627.2
7.714,4628.4
7.716,4629.6
7.718,4630.8
7.72,4632.0
7.722,4633.2
7.724,4634.4
7.726,4635.6
7.728,4636.8
7.73,4638.0
7.732,4639.2
7.734,4640.4
7.736,4641.6
7.738,4642.8
7.74,4644.0
7.742,4645.2
7.744,4646.4
7.746,4647.6
7.748,4648.8
7.75,4650.0
7.752,4651.2
7.754,4652.4
7.756,4653.6
7.758,4654.8
7.76,4656.0
7.762,4657.2
7.764,4658.4
7.766,4659.6
7.768,4660.8
7.77,4662.0
7.772,4663.2
7.774,4664.4
7.776,4665.6
7.778,4666.8
7.78,4668.0
7.782,4669.2
7.784,4670.4
7.786,4671.6
7.788,4672.8
7.79,4674.0
7.792,4675.2
7.794,4676.4
7.796,4677.6
7.798,4678.8
7.8,4680.0
7.802,4681.2
7.804,4682.4
7.806,4683.6
7.808,4684.8
7.81,4686.0
7.812,4687.2
7.814,4688.4
7.816,4689.6
7.818,4690.8
7.82,4692.0
7.822,4693.2
7.824,4694.4
7.826,4695.6
7.828,4696.8
7.83,4698.0
7.832,4699.2
7.834,4700.4
7.836,4701.6
7.838,4702.8
7.84,4704.0
7.842,4705.2
7.844,4706.4
7.846,4707.6
7.848,4708.8
7.85,4710.0
7.852,4711.2
7.854,4712.4
7.856,4713.6
7.858,4714.8
7.86,4716.0
7.862,4717.2
7.864,4718.4
7.866,4719.6
7.868,4720.8
7.87,4722.0
7.872,4723.2
7.874,4724.4
7.876,4725.6
7.878,4726.8
7.88,4728.0
7.882,4729.2
7.884,4730.4
7.886,4731.6
7.888,4732.8
7.89,4734.0
7.892,4735.2
7.894,4736.4
7.896,4737.6
7.898,4738.8
7.9,4740.0
7.902,4741.2
7.904,4742.4
7.906,4743.6
7.908,4744.8
7.91,4746.0
7.912,4747.2
7.914,4748.4
7.916,4749.6
7.918,4750.8
7.92,4752.0
7.922,4753.2
7.924,4754.4
7.926,4755.6
7.928,4756.8
7.93,4758.0
7.932,4759.2
7.934,4760.4
7.936,4761.6
7.938,4762.8
7.94,4764.0
7.942,4765.2
7.944,4766.4
7.946,4767.6
7.948,4768.8
7.95,4770.0
7.952,4771.2
7.954,4772.4
7.956,4773.6
7.958,4774.8
7.96,4776.0
7.962,4777.2
7.964,4778.4
7.966,4779.6
7.968,4780.8
7.97,4782.0
7.972,4783.2
7.974,4784.4
7.976,4785.6
7.978,4786.8
7.98,4788.0
7.982,4789.2
7.984,4790.4
7.986,4791.6
7.988,4792.8
7.99,4794.0
7.992,4795.2
7.994,4796.4
7.996,4797.6
7.998,4798.8
8.0,4800.0
8.002,4801.2
8.004,4802.4
8.006,4803.6
8.008,4804.8
8.01,4806.0
8.012,4807.2
8.014,4808.4
8.016,4809.6
8.018,4810.8
8.02,4812.0
8.022,4813.2
8.024,4814.4
8.026,4815.6
8.028,4816.8
8.03,4818.0
8.032,4819.2
8.034,4820.4
8.036,4821.6
8.038,4822.8
8.04,4824.0
8.042,4825.2
8.044,4826.4
8.046,4827.6
8.048,4828.8
8.05,4830.0
8.052,4831.2
8.054,4832.4
8.056,4833.6
8.058,4834.8
8.06,4836.0
8.062,4837.2
8.064,4838.4
8.066,4839.6
8.068,4840.8
8.07,4842.0
8.072,4843.2
8.074,4844.4
8.076,4845.6
8.078,4846.8
8.08,4848.0
8.082,4849.2
8.084,4850.4
8.086,4851.6
8.088,4852.8
8.09,4854.0
8.092,4855.2
8.094,4856.4
8.096,4857.6
8.098,4858.8
8.1,4860.0
8.102,4861.2
8.104,4862.4
8.106,4863.6
8.108,4864.8
8.11,4866.0
8.112,4867.2
8.114,4868.4
8.116,4869.6
8.118,4870.8
8.12,4872.0
8.122,4873.2
8.124,4874.4
8.126,4875.6
8.128,4876.8
8.13,4878.0
8.132,4879.2
8.134,4880.4
8.136,4881.6
8.138,4882.8
8.14,4884.0
8.142,4885.2
8.144,4886.4
8.146,4887.6
8.148,4888.8
8.15,4890.0
8.152,4891.2
8.154,4892.4
8.156,4893.6
8.158,4894.8
8.16,4896.0
8.162,4897.2
8.164,4898.4
8.166,4899.6
8.168,4900.8
8.17,4902.0
8.172,4903.2
8.174,4904.4
8.176,4905.6
8.178,4906.8
8.18,4908.0
8.182,4909.2
8.184,4910.4
8.186,4911.6
8.188,4912.8
8.19,4914.0
8.192,4915.2
8.194,4916.4
8.196,4917.6
8.198,4918.8
8.2,4920.0
8.202,4921.2
8.204,4922.4
8.206,4923.6
8.208,4924.8
8.21,4926.0
8.212,4927.2
8.214,4928.4
8.216,4929.6
8.218,4930.8
8.22,4932.0
8.222,4933.2
8.224,4934.4
8.226,4935.6
8.228,4936.8
8.23,4938.0
8.232,4939.2
8.234,4940.4
8.236,4941.6
8.238,4942.8
8.24,4944.0
8.242,4945.2
8.244,4946.4
8.246,4947.6
8.248,4948.8
8.25,4950.0
8.252,4951.2
8.254,4952.4
8.256,4953.6
8.258,4954.8
8.26,4956.0
8.262,4957.2
8.264,4958.4
8.266,4959.6
8.268,4960.8
8.27,4962.0
8.272,4963.2
8.274,4964.4
8.276,4965.6
8.278,4966.8
8.28,4968.0
8.282,4969.2
8.284,4970.4
8.286,4971.6
8.288,4972.8
8.29,4974.0
8.292,4975.2
8.294,4976.4
8.296,4977.6
8.298,4978.8
8.3,4980.0
8.302,4981.2
8.304,4982.4
8.306,4983.6
8.308,4984.8
8.31,4986.0
8.312,4987.2
8.314,4988.4
8.316,4989.6
8.318,4990.8
8.32,4992.0
8.322,4993.2
8.324,4994.4
8.326,4995.6
8.328,4996.8
8.33,4998.0
8.332,4999.2
8.334,5000.4
8.336,5001.6
8.338,5002.8
8.34,5004.0
8.342,5005.2
8.344,5006.4
8.346,5007.6
8.348,5008.8
8.35,5010.0
8.352,5011.2
8.354,5012.4
8.356,5013.6
8.358,5014.8
8.36,5016.0
8.362,5017.2
8.364,5018.4
8.366,5019.6
8.368,5020.8
8.37,5022.0
8.372,5023.2
8.374,5024.4
8.376,5025.6
8.378,5026.8
8.38,5028.0
8.382,5029.2
8.384,5030.4
8.386,5031.6
8.388,5032.8
8.39,5034.0
8.392,5035.2
8.394,5036.4
8.396,5037.6
8.398,5038.8
8.4,5040.0
8.402,5041.2
8.404,5042.4
8.406,5043.6
8.408,5044.8
8.41,5046.0
8.412,5047.2
8.414,5048.4
8.416,5049.6
8.418,5050.8
8.42,5052.0
8.422,5053.2
8.424,5054.4
8.426,5055.6
8.428,5056.8
8.43,5058.0
8.432,5059.2
8.434,5060.4
8.436,5061.6
8.438,5062.8
8.44,5064.0
8.442,5065.2
8.444,5066.4
8.446,5067.6
8.448,5068.8
8.45,5070.0
8.452,5071.2
8.454,5072.4
8.456,5073.6
8.458,5074.8
8.46,5076.0
8.462,5077.2
8.464,5078.4
8.466,5079.6
8.468,5080.8
8.47,5082.0
8.472,5083.2
8.474,5084.4
8.476,5085.6
8.478,5086.8
8.48,5088.0
8.482,5089.2
8.484,5090.4
8.486,5091.6
8.488,5092.8
8.49,5094.0
8.492,5095.2
8.494,5096.4
8.496,5097.6
8.498,5098.8
8.5,5100.0
8.502,5101.2
8.504,5102.4
8.506,5103.6
8.508,5104.8
8.51,5106.0
8.512,5107.2
8.514,5108.4
8.516,5109.6
8.518,5110.8
8.52,5112.0
8.522,5113.2
8.524,5114.4
8.526,5115.6
8.528,5116.8
8.53,5118.0
8.532,5119.2
8.534,5120.4
8.536,5121.6
8.538,5122.8
8.54,5124.0
8.542,5125.2
8.544,5126.4
8.546,5127.6
8.548,5128.8
8.55,5130.0
8.552,5131.2
8.554,5132.4
8.556,5133.6
8.558,5134.8
8.56,5136.0
8.562,5137.2
8.564,5138.4
8.566,5139.6
8.568,5140.8
8.57,5142.0
8.572,5143.2
8.574,5144.4
8.576,5145.6
8.578,5146.8
8.58,5148.0
8.582,5149.2
8.584,5150.4
8.586,5151.6
8.588,5152.8
8.59,5154.0
8.592,5155.2
8.594,5156.4
8.596,5157.6
8.598,5158.8
8.6,5160.0
8.602,5161.2
8.604,5162.4
8.606,5163.6
8.608,5164.8
8.61,5166.0
8.612,5167.2
8.614,5168.4
8.616,5169.6
8.618,5170.8
8.62,5172.0
8.622,5173.2
8.624,5174.4
8.626,5175.6
8.628,5176.8
8.63,5178.0
8.632,5179.2
8.634,5180.4
8.636,5181.6
8.638,5182.8
8.64,5184.0
8.642,5185.2
8.644,5186.4
8.646,5187.6
8.648,5188.8
8.65,5190.0
8.652,5191.2
8.654,5192.4
8.656,5193.6
8.658,5194.8
8.66,5196.0
8.662,5197.2
8.664,5198.4
8.666,5199.6
8.668,5200.8
8.67,5202.0
8.672,5203.2
8.674,5204.4
8.676,5205.6
8.678,5206.8
8.68,5208.0
8.682,5209.2
8.684,5210.4
8.686,5211.6
8.688,5212.8
8.69,5214.0
8.692,5215.2
8.694,5216.4
8.696,5217.6
8.698,5218.8
8.7,5220.0
8.702,5221.2
8.704,5222.4
8.706,5223.6
8.708,5224.8
8.71,5226.0
8.712,5227.2
8.714,5228.4
8.716,5229.6
8.718,5230.8
8.72,5232.0
8.722,5233.2
8.724,5234.4
8.726,5235.6
8.728,5236.8
8.73,5238.0
8.732,5239.2
8.734,5240.4
8.736,5241.6
8.738,5242.8
8.74,5244.0
8.742,5245.2
8.744,5246.4
8.746,5247.6
8.748,5248.8
8.75,5250.0
8.752,5251.2
8.754,5252.4
8.756,5253.6
8.758,5254.8
8.76,5256.0
8.762,5257.2
8.764,5258.4
8.766,5259.6
8.768,5260.8
8.77,5262.0
8.772,5263.2
8.774,5264.4
8.776,5265.6
8.778,5266.8
8.78,5268.0
8.782,5269.2
8.784,5270.4
8.786,5271.6
8.788,5272.8
8.79,5274.0
8.792,5275.2
8.794,5276.4
8.796,5277.6
8.798,5278.8
8.8,5280.0
8.802,5281.2
8.804,5282.4
8.806,5283.6
8.808,5284.8
8.81,5286.0
8.812,5287.2
8.814,5288.4
8.816,5289.6
8.818,5290.8
8.82,5292.0
8.822,5293.2
8.824,5294.4
8.826,5295.6
8.828,5296.8
8.83,5298.0
8.832,5299.2
8.834,5300.4
8.836,5301.6
8.838,5302.8
8.84,5304.0
8.842,5305.2
8.844,5306.4
8.846,5307.6
8.848,5308.8
8.85,5310.0
8.852,5311.2
8.854,5312.4
8.856,5313.6
8.858,5314.8
8.86,5316.0
8.862,5317.2
8.864,5318.4
8.866,5319.6
8.868,5320.8
8.87,5322.0
8.872,5323.2
8.874,5324.4
8.876,5325.6
8.878,5326.8
8.88,5328.0
8.882,5329.2
8.884,5330.4
8.886,5331.6
8.888,5332.8
8.89,5334.0
8.892,5335.2
8.894,5336.4
8.896,5337.6
8.898,5338.8
8.9,5340.0
8.902,5341.2
8.904,5342.4
8.906,5343.6
8.908,5344.8
8.91,5346.0
8.912,5347.2
8.914,5348.4
8.916,5349.6
8.918,5350.8
8.92,5352.0
8.922,5353.2
8.924,5354.4
8.926,5355.6
8.928,5356.8
8.93,5358.0
8.932,5359.2
8.934,5360.4
8.936,5361.6
8.938,5362.8
8.94,5364.0
8.942,5365.2
8.944,5366.4
8.946,5367.6
8.948,5368.8
8.95,5370.0
8.952,5371.2
8.954,5372.4
8.956,5373.6
8.958,5374.8
8.96,5376.0
8.962,5377.2
8.964,5378.4
8.966,5379.6
8.968,5380.8
8.97,5382.0
8.972,5383.2
8.974,5384.4
8.976,5385.6
8.978,5386.8
8.98,5388.0
8.982,5389.2
8.984,5390.4
8.986,5391.6
8.988,5392.8
8.99,5394.0
8.992,5395.2
8.994,5396.4
8.996,5397.6
8.998,5398.8
9.0,5400.0
9.002,5401.2
9.004,5402.4
9.006,5403.6
9.008,5404.8
9.01,5406.0
9.012,5407.2
9.014,5408.4
9.016,5409.6
9.018,5410.8
9.02,5412.0
9.022,5413.2
9.024,5414.4
9.026,5415.6
9.028,5416.8
9.03,5418.0
9.032,5419.2
9.034,5420.4
9.036,5421.6
9.038,5422.8
9.04,5424.0
9.042,5425.2
9.044,5426.4
9.046,5427.6
9.048,5428.8
9.05,5430.0
9.052,5431.2
9.054,5432.4
9.056,5433.6
9.058,5434.8
9.06,5436.0
9.062,5437.2
9.064,5438.4
9.066,5439.6
9.068,5440.8
9.07,5442.0
9.072,5443.2
9.074,5444.4
9.076,5445.6
9.078,5446.8
9.08,5448.0
9.082,5449.2
9.084,5450.4
9.086,5451.6
9.088,5452.8
9.09,5454.0
9.092,5455.2
9.094,5456.4
9.096,5457.6
9.098,5458.8
9.1,5460.0
9.102,5461.2
9.104,5462.4
9.106,5463.6
9.108,5464.8
9.11,5466.0
9.112,5467.2
9.114,5468.4
9.116,5469.6
9.118,5470.8
9.12,5472.0
9.122,5473.2
9.124,5474.4
9.126,5475.6
9.128,5476.8
9.13,5478.0
9.132,5479.2
9.134,5480.4
9.136,5481.6
9.138,5482.8
9.14,5484.0
9.142,5485.2
9.144,5486.4
9.146,5487.6
9.148,5488.8
9.15,5490.0
9.152,5491.2
9.154,5492.4
9.156,5493.6
9.158,5494.8
9.16,5496.0
9.162,5497.2
9.164,5498.4
9.166,5499.6
9.168,5500.8
9.17,5502.0
9.172,5503.2
9.174,5504.4
9.176,5505.6
9.178,5506.8
9.18,5508.0
9.182,5509.2
9.184,5510.4
9.186,5511.6
9.188,5512.8
9.19,5514.0
9.192,5515.2
9.194,5516.4
9.196,5517.6
9.198,5518.8
9.2,5520.0
9.202,5521.2
9.204,5522.4
9.206,5523.6
9.208,5524.8
9.21,5526.0
9.212,5527.2
9.214,5528.4
9.216,5529.6
9.218,5530.8
9.22,5532.0
9.222,5533.2
9.224,5534.4
9.226,5535.6
9.228,5536.8
9.23,5538.0
9.232,5539.2
9.234,5540.4
9.236,5541.6
9.238,5542.8
9.24,5544.0
9.242,5545.2
9.244,5546.4
9.246,5547.6
9.248,5548.8
9.25,5550.0
9.252,5551.2
9.254,5552.4
9.256,5553.6
9.258,5554.8
9.26,5556.0
9.262,5557.2
9.264,5558.4
9.266,5559.6
9.268,5560.8
9.27,5562.0
9.272,5563.2
9.274,5564.4
9.276,5565.6
9.278,5566.8
9.28,5568.0
9.282,5569.2
9.284,5570.4
9.286,5571.6
9.288,5572.8
9.29,5574.0
9.292,5575.2
9.294,5576.4
9.296,5577.6
9.298,5578.8
9.3,5580.0
9.302,5581.2
9.304,5582.4
9.306,5583.6
9.308,5584.8
9.31,5586.0
9.312,5587.2
9.314,5588.4
9.316,5589.6
9.318,5590.8
9.32,5592.0
9.322,5593.2
9.324,5594.4
9.326,5595.6
9.328,5596.8
9.33,5598.0
9.332,5599.2
9.334,5600.4
9.336,5601.6
9.338,5602.8
9.34,5604.0
9.342,5605.2
9.344,5606.4
9.346,5607.6
9.348,5608.8
9.35,5610.0
9.352,5611.2
9.354,5612.4
9.356,5613.6
9.358,5614.8
9.36,5616.0
9.362,5617.2
9.364,5618.4
9.366,5619.6
9.368,5620.8
9.37,5622.0
9.372,5623.2
9.374,5624.4
9.376,5625.6
9.378,5626.8
9.38,5628.0
9.382,5629.2
9.384,5630.4
9.386,5631.6
9.388,5632.8
9.39,5634.0
9.392,5635.2
9.394,5636.4
9.396,5637.6
9.398,5638.8
9.4,5640.0
9.402,5641.2
9.404,5642.4
9.406,5643.6
9.408,5644.8
9.41,5646.0
9.412,5647.2
9.414,5648.4
9.416,5649.6
9.418,5650.8
9.42,5652.0
9.422,5653.2
9.424,5654.4
9.426,5655.6
9.428,5656.8
9.43,5658.0
9.432,5659.2
9.434,5660.4
9.436,5661.6
9.438,5662.8
9.44,5664.0
9.442,5665.2
9.444,5666.4
9.446,5667.6
9.448,5668.8
9.45,5670.0
9.452,5671.2
9.454,5672.4
9.456,5673.6
9.458,5674.8
9.46,5676.0
9.462,5677.2
9.464,5678.4
9.466,5679.6
9.468,5680.8
9.47,5682.0
9.472,5683.2
9.474,5684.4
9.476,5685.6
9.478,5686.8
9.48,5688.0
9.482,5689.2
9.484,5690.4
9.486,5691.6
9.488,5692.8
9.49,5694.0
9.492,5695.2
9.494,5696.4
9.496,5697.6
9.498,5698.8
9.5,5700.0
9.502,5701.2
9.504,5702.4
9.506,5703.6
9.508,5704.8
9.51,5706.0
9.512,5707.2
9.514,5708.4
9.516,5709.6
9.518,5710.8
9.52,5712.0
9.522,5713.2
9.524,5714.4
9.526,5715.6
9.528,5716.8
9.53,5718.0
9.532,5719.2
9.534,5720.4
9.536,5721.6
9.538,5722.8
9.54,5724.0
9.542,5725.2
9.544,5726.4
9.546,5727.6
9.548,5728.8
9.55,5730.0
9.552,5731.2
9.554,5732.4
9.556,5733.6
9.558,5734.8
9.56,5736.0
9.562,5737.2
9.564,5738.4
9.566,5739.6
9.568,5740.8
9.57,5742.0
9.572,5743.2
9.574,5744.4
9.576,5745.6
9.578,5746.8
9.58,5748.0
9.582,5749.2
9.584,5750.4
9.586,5751.6
9.588,5752.8
9.59,5754.0
9.592,5755.2
9.594,5756.4
9.596,5757.6
9.598,5758.8
9.6,5760.0
9.602,5761.2
9.604,5762.4
9.606,5763.6
9.608,5764.8
9.61,5766.0
9.612,5767.2
9.614,5768.4
9.616,5769.6
9.618,5770.8
9.62,5772.0
9.622,5773.2
9.624,5774.4
9.626,5775.6
9.628,5776.8
9.63,5778.0
9.632,5779.2
9.634,5780.4
9.636,5781.6
9.638,5782.8
9.64,5784.0
9.642,5785.2
9.644,5786.4
9.646,5787.6
9.648,5788.8
9.65,5790.0
9.652,5791.2
9.654,5792.4
9.656,5793.6
9.658,5794.8
9.66,5796.0
9.662,5797.2
9.664,5798.4
9.666,5799.6
9.668,5800.8
9.67,5802.0
9.672,5803.2
9.674,5804.4
9.676,5805.6
9.678,5806.8
9.68,5808.0
9.682,5809.2
9.684,5810.4
9.686,5811.6
9.688,5812.8
9.69,5814.0
9.692,5815.2
9.694,5816.4
9.696,5817.6
9.698,5818.8
9.7,5820.0
9.702,5821.2
9.704,5822.4
9.706,5823.6
9.708,5824.8
9.71,5826.0
9.712,5827.2
9.714,5828.4
9.716,5829.6
9.718,5830.8
9.72,5832.0
9.722,5833.2
9.724,5834.4
9.726,5835.6
9.728,5836.8
9.73,5838.0
9.732,5839.2
9.734,5840.4
9.736,5841.6
9.738,5842.8
9.74,5844.0
9.742,5845.2
9.744,5846.4
9.746,5847.6
9.748,5848.8
9.75,5850.0
9.752,5851.2
9.754,5852.4
9.756,5853.6
9.758,5854.8
9.76,5856.0
9.762,5857.2
9.764,5858.4
9.766,5859.6
9.768,5860.8
9.77,5862.0
9.772,5863.2
9.774,5864.4
9.776,5865.6
9.778,5866.8
9.78,5868.0
9.782,5869.2
9.784,5870.4
9.786,5871.6
9.788,5872.8
9.79,5874.0
9.792,5875.2
9.794,5876.4
9.796,5877.6
9.798,5878.8
9.8,5880.0
9.802,5881.2
9.804,5882.4
9.806,5883.6
9.808,5884.8
9.81,5886.0
9.812,5887.2
9.814,5888.4
9.816,5889.6
9.818,5890.8
9.82,5892.0
9.822,5893.2
9.824,5894.4
9.826,5895.6
9.828,5896.8
9.83,5898.0
9.832,5899.2
9.834,5900.4
9.836,5901.6
9.838,5902.8
9.84,5904.0
9.842,5905.2
9.844,5906.4
9.846,5907.6
9.848,5908.8
9.85,5910.0
9.852,5911.2
9.854,5912.4
9.856,5913.6
9.858,5914.8
9.86,5916.0
9.862,5917.2
9.864,5918.4
9.866,5919.6
9.868,5920.8
9.87,5922.0
9.872,5923.2
9.874,5924.4
9.876,5925.6
9.878,5926.8
9.88,5928.0
9.882,5929.2
9.884,5930.4
9.886,5931.6
9.888,5932.8
9.89,5934.0
9.892,5935.2
9.894,5936.4
9.896,5937.6
9.898,5938.8
9.9,5940.0
9.902,5941.2
9.904,5942.4
9.906,5943.6
9.908,5944.8
9.91,5946.0
9.912,5947.2
9.914,5948.4
9.916,5949.6
9.918,5950.8
9.92,5952.0
9.922,5953.2
9.924,5954.4
9.926,5955.6
9.928,5956.8
9.93,5958.0
9.932,5959.2
9.934,5960.4
9.936,5961.6
9.938,5962.8
9.94,5964.0
9.942,5965.2
9.944,5966.4
9.946,5967.6
9.948,5968.8
9.95,5970.0
9.952,5971.2
9.954,5972.4
9.956,5973.6
9.958,5974.8
9.96,5976.0
9.962,5977.2
9.964,5978.4
9.966,5979.6
9.968,5980.8
9.97,5982.0
9.972,5983.2
9.974,5984.4
9.976,5985.6
9.978,5986.8
9.98,5988.0
9.982,5989.2
9.984,5990.4
9.986,5991.6
9.988,5992.8
9.99,5994.0
9.992,5995.2
9.994,5996.4
9.996,5997.6
9.998,5998.8
